twitter_id,is_1,is_2,is_3
269247809,0.00626613895233,0.0017686828269,0.991965178221
156790994,0.48851584999,0.0639214189016,0.447562731109
40366130,0.605876491925,0.0727933601029,0.321330147973
362152133,0.871774290024,0.0313719868182,0.0968537231574
1011643310,0.396848265792,0.094289249349,0.508862484859
2543890665,0.847497189852,0.0573783705233,0.0951244396251
230635591,0.415021726559,0.0654999340052,0.519478339436
2239578338,0.582747004426,0.0323068513784,0.384946144196
1143641238,0.724722931419,0.0734965660492,0.201780502532
1214184414,0.470558737577,0.0878368781089,0.441604384314
2475040563,0.476363399535,0.0678485781789,0.455788022287
1523666407,0.709729918781,0.0320723192326,0.258197761987
56028813,0.209357119693,0.0263918640542,0.764251016253
462914460,0.416190627696,0.0200234040681,0.563785968236
218600304,0.459072273273,0.0466191068277,0.494308619899
23896303,0.499244503341,0.0224901262923,0.478265370367
140383662,0.318151959402,0.308937745693,0.372910294904
244271177,0.857150120636,0.0118675496429,0.130982329721
2749882065,0.198788811937,0.145826367445,0.655384820618
546361206,0.638289165088,0.0178584615697,0.343852373342
201919020,0.339426404495,0.0650486565828,0.595524938922
584119358,0.49966513389,0.1154616533,0.38487321281
285428986,0.188226324328,0.0133355896973,0.798438085975
2363987340,0.295464315276,0.444538643827,0.259997040897
43019230,0.00435072565492,0.00177132515808,0.993877949187
366095552,0.505192815038,0.0404822901031,0.454324894859
77248701,0.584208244102,0.0957656960825,0.320026059816
167642321,0.340257461322,0.168327904374,0.491414634304
3034591,0.468730481834,0.0216072686803,0.509662249485
1089394580,0.574378108859,0.0604800744533,0.365141816688
346247782,0.61245109174,0.0810688350877,0.306480073173
150586801,0.990879597085,0.000563021284507,0.00855738163077
912840157,0.318777455415,0.0193337273717,0.661888817213
141758845,0.472308354152,0.0774951082438,0.450196537604
115780434,0.380324896418,0.073113098954,0.546562004628
39890475,0.751624805402,0.0266978482768,0.221677346321
229185703,0.557105604343,0.172792669051,0.270101726605
46717161,0.260765488586,0.0648639472711,0.674370564143
2155403492,0.619758931499,0.0644967796027,0.315744288899
474639863,0.619106065426,0.0359107219016,0.344983212672
290041816,0.475602245805,0.03366702357,0.490730730625
456012732,0.221662127121,0.0165121512855,0.761825721593
27457788,0.030555554049,0.936240496488,0.0332039494632
404862698,0.122310098993,0.0711920435473,0.806497857459
2172668713,0.993430463184,0.00133928320852,0.0052302536075
159059150,0.512617661395,0.00382630457225,0.483556034033
912906139,0.442757941857,0.0260082839327,0.53123377421
37164492,0.262968148632,0.0658960340076,0.67113581736
351520385,0.263301791504,0.0257016527732,0.710996555722
133170416,0.817156825476,0.0186690459673,0.164174128557
2313612032,0.62246525465,0.0199639904827,0.357570754867
422373092,0.442556530178,0.0572225793478,0.500220890475
428186998,0.850355004123,0.0280279804715,0.121617015406
1354977896,0.186682806969,0.109323828371,0.70399336466
18645080,0.0873249777847,0.0253964295631,0.887278592652
460111485,0.68385220287,0.0537475936083,0.262400203522
553132806,0.0671962744937,0.00958858803499,0.923215137471
340544939,0.0357627403313,0.00396842579559,0.960268833873
237833050,0.492091472556,0.0673074680876,0.440601059356
856152074,0.147805431109,0.638088354731,0.214106214159
382982085,0.824608657093,0.0139198683743,0.161471474533
1601482273,0.487143579028,0.0183960713202,0.494460349652
1248210876,0.00381075978359,0.000316209729527,0.995873030487
3145755731,0.294691368894,0.0493194395741,0.655989191532
2783216461,0.00691814299096,0.00278707500891,0.990294782
275934452,0.00243287871233,0.000716299605165,0.996850821682
347502498,0.529292795249,0.08143678884,0.389270415911
2735522689,0.772226798668,0.0168646126956,0.210908588637
574818362,0.999985342303,8.24176200586e-06,6.41593514221e-06
2209925210,0.541135914737,0.0115045906217,0.447359494641
386701721,0.412413236668,0.0203710455693,0.567215717763
632702418,0.587570144663,0.0457637173277,0.36666613801
14920785,0.236478675295,0.0706561121749,0.69286521253
243747804,0.912203502267,0.015928787355,0.0718677103783
417584831,0.440506636207,0.0786173713131,0.48087599248
26509846,0.589651107435,0.171199368617,0.239149523948
22195903,0.498932065731,0.116004849124,0.385063085146
2455426016,0.570394249322,0.0761049348519,0.353500815826
3167996925,0.637339231167,0.0418060842459,0.320854684587
3300429402,0.994271913642,0.00260377808166,0.00312430827623
1083021884,0.258330903878,0.0701887992811,0.671480296841
183240534,0.610482465064,0.268785648727,0.120731886209
349769246,0.475169687005,0.287898382556,0.236931930438
624850711,0.241981879996,0.0757746592447,0.68224346076
1719340946,0.508249172232,0.0564178898561,0.435332937912
132616981,0.430542986151,0.0107119786135,0.558745035235
42467646,0.396547690292,0.0330088827559,0.570443426952
280609491,0.271241186194,0.146699235944,0.582059577862
239418402,0.618455211278,0.0383653706623,0.34317941806
16988035,0.129423922913,0.0330986582347,0.837477418852
435187146,0.315408121791,0.032599888989,0.65199198922
60548369,0.472599697879,0.0153132718932,0.512087030228
19686815,0.923298286248,0.0188418187535,0.0578598949985
119199083,0.877123591006,0.0454651571025,0.0774112518912
46237608,0.692943948479,0.029108072357,0.277947979164
500957287,0.431086463019,0.0465255706238,0.522387966358
407799468,0.452171993547,0.127600513241,0.420227493212
18011128,0.333506716355,0.033781446763,0.632711836882
235796019,0.586282634006,0.0458659567961,0.367851409198
197167610,0.48587661874,0.0733695770285,0.440753804232
387123498,0.600107842032,0.147609237152,0.252282920816
303447411,0.355386854165,0.0549740844196,0.589639061416
838683727,0.384845060054,0.11076407148,0.504390868466
343051634,0.998318408706,0.000935622955137,0.000745968338904
1645587230,0.000503305255168,0.000196526771,0.999300167974
237899339,0.000246613370807,7.6325801697e-05,0.999677060827
95130850,0.367516226756,0.0577372417413,0.574746531502
21795853,0.264619463989,0.0478488466783,0.687531689333
109688738,0.844206596415,0.0122453830109,0.143548020574
558118090,0.56897872935,0.0541733428697,0.37684792778
256269179,0.249951538413,0.0698706302604,0.680177831326
42403402,0.660010731395,0.0578623428035,0.282126925802
582296868,6.22789885693e-05,3.65237449671e-05,0.999901197266
578798233,0.000130692157456,6.20975632425e-05,0.999807210279
309801599,0.598370926613,0.0617866468961,0.339842426491
240036327,0.280251509566,0.0641836955519,0.655564794883
406127394,0.88490463498,0.0475253528307,0.0675700121895
233138296,0.0644109387812,0.0224963907578,0.913092670461
101552412,0.870865617482,0.0104124865861,0.118721895932
281416079,0.930859625106,0.0124705255087,0.0566698493856
72341341,0.889542803069,0.0531214445737,0.0573357523568
582060906,0.391004849588,0.194908291302,0.41408685911
3013023915,0.425964626637,0.13020081068,0.443834562683
467776542,0.367677830197,0.123637789826,0.508684379977
531465387,0.818266710378,0.0463156165289,0.135417673094
1385249563,0.487023308337,0.0457812481427,0.46719544352
628676320,0.884067627617,0.0343039996318,0.0816283727513
464228230,0.700748336018,0.0222187808563,0.277032883126
1695528368,0.561910678164,0.0357144208987,0.402374900937
327193695,0.450722575793,0.0994408010217,0.449836623185
451155770,0.878932016809,0.0107966956444,0.110271287547
334743604,0.474748118376,0.0702465643196,0.455005317305
90726344,0.000529649943236,0.000965907742791,0.998504442314
1219459260,0.161076375718,0.0267003955013,0.81222322878
335676672,0.179945498222,0.0443788324501,0.775675669328
136020285,0.600405116424,0.0671754207982,0.332419462778
101662392,0.690284614966,0.0484700013427,0.261245383691
56867362,0.570447527736,0.067642370773,0.361910101491
385723860,0.315517406835,0.0148517796764,0.669630813489
575935164,0.541638739119,0.105365423859,0.352995837022
20631684,7.5015528425e-05,6.10074911366e-05,0.99986397698
1064287478,0.714340767742,0.0212740922743,0.264385139983
1610120834,0.438072926839,0.133409071319,0.428518001842
48928361,0.807304342632,0.00744152406735,0.185254133301
26282346,0.0307121415489,0.00223324369267,0.967054614758
124950599,0.283424349776,0.0531107672602,0.663464882964
29005336,0.674121219228,0.0479063365492,0.277972444223
2299807339,0.305812420734,0.0499977912084,0.644189788057
201010679,0.298299158703,0.0331752061158,0.668525635181
2576498547,0.0488824814406,0.0190717614406,0.932045757119
187839450,0.439748575257,0.154509189106,0.405742235637
242107970,0.342645493861,0.055075579864,0.602278926275
84998188,0.537335665939,0.0830076876624,0.379656646398
86573991,0.986341719529,0.00228373096487,0.0113745495062
38551656,0.883005004547,0.0140922666571,0.102902728796
314300500,0.119721576079,0.0366052283492,0.843673195572
29986538,0.306787920336,0.0289490597588,0.664263019906
37170357,0.902361971804,0.0126642450626,0.0849737831336
549503015,0.587821786165,0.0304733537189,0.381704860116
154700060,0.51425528521,0.0425078291112,0.443236885679
114937668,0.876101160083,0.0122988205039,0.111600019413
1670115638,0.487386148741,0.164184475187,0.348429376072
392982257,0.0541745502752,0.0116657142346,0.93415973549
29872754,0.483384953066,0.0315955536389,0.485019493295
83069856,0.0407472145091,0.00086363640954,0.958389149081
3302282537,0.754309009358,0.0525061317714,0.193184858871
386814760,0.30378858692,0.0833384861747,0.612872926905
570147017,0.371606090646,0.0628156640088,0.565578245346
1572712849,0.770036937841,0.0952312687379,0.134731793421
582924530,0.065352433096,0.0396424656874,0.895005101217
2814136474,0.316833511579,0.226022634461,0.457143853961
2431166082,0.514357207229,0.141738971637,0.343903821134
585103647,0.311502261913,0.0435322509022,0.644965487184
34702103,0.825278676712,0.0158982569946,0.158823066293
362035229,0.791625918869,0.0549283078347,0.153445773296
138151465,0.429477140547,0.0209811366956,0.549541722757
551382502,0.571478139031,0.0433257559554,0.385196105013
149151890,0.69022685002,0.0293214754231,0.280451674557
1138655624,0.645887705342,0.0155885051328,0.338523789526
2604487133,0.567118541106,0.0612381853149,0.371643273579
1506858686,0.969604349154,0.00608058297836,0.0243150678677
2902368148,0.130483135855,0.842427959039,0.0270889051058
414716477,0.771889661363,0.0193398647521,0.208770473885
620268361,0.0259228604539,0.0108794753867,0.963197664159
1343371332,0.489330422834,0.0104132852124,0.500256291954
81697684,0.267459694882,0.471960440614,0.260579864503
126425051,0.625703755449,0.0539472341843,0.320349010367
387285465,0.97518024372,0.0122372451969,0.0125825110836
95500116,0.987274409119,0.000198748118647,0.0125268427628
924635221,0.999992486206,4.35695661228e-06,3.15683780046e-06
45401288,0.582053476558,0.0810285295352,0.336917993906
532660857,0.336159457532,0.314560562734,0.349279979734
67125694,0.303999519506,0.0971542044665,0.598846276028
608715374,0.825496616811,0.039244943695,0.135258439494
484905553,0.331559290992,0.0234022700727,0.645038438936
2470273612,0.105886604372,0.0484639016494,0.845649493978
2309044724,0.259242105831,0.0458035120253,0.694954382144
86853710,0.995757921534,3.39851180143e-05,0.00420809334777
310837922,0.39103188311,0.057983922653,0.550984194237
309629807,0.506848949365,0.176845575998,0.316305474637
15210423,0.614276835957,0.0272345696075,0.358488594435
37048630,0.791780715416,0.0300561173398,0.178163167244
1367930034,0.255810923298,0.0669177409207,0.677271335781
461204984,0.00131576418331,0.000749149151573,0.997935086665
407802122,0.235158768892,0.0219184195137,0.742922811595
1253066540,0.330008963564,0.0554791428878,0.614511893548
17062660,0.480051137362,0.052748138139,0.467200724499
333606659,0.198229060702,0.02754576379,0.774225175508
487064646,0.673492023108,0.188210168302,0.138297808591
429788382,0.457462703435,0.0637709411782,0.478766355387
2882622665,0.999961031483,2.0486050093e-05,1.84824670885e-05
30463194,0.552372997544,0.0446071377602,0.403019864696
1538925134,0.0487091602876,0.0459078904368,0.905382949276
555890352,0.349559147534,0.0150412307696,0.635399621696
104848816,0.545521876778,0.146687454015,0.307790669207
1182987631,0.231100718692,0.0475777852428,0.721321496065
2478911334,0.147033728339,0.0382022181359,0.814764053525
282951708,0.754968925202,0.0483763903058,0.196654684492
1263762829,0.00532028782191,0.000814041719686,0.993865670458
296637102,0.378003608757,0.111981131344,0.5100152599
412921057,0.220042603977,0.105659749772,0.674297646251
457923148,0.465863596218,0.0771478343965,0.456988569385
191825273,0.14969739618,0.0550128612073,0.795289742613
21846975,0.663307424708,0.0244693767347,0.312223198557
2220139286,0.586470283441,0.0592222216951,0.354307494863
438094691,0.269936604213,0.00953631545165,0.720527080335
393722972,0.480900650262,0.083601289287,0.435498060451
2998244072,0.318319891285,0.0778335793158,0.6038465294
48925499,0.711623963176,0.0336560825111,0.254719954313
105626702,0.421197258436,0.0932086391287,0.485594102435
348707455,0.116630208071,0.0519095358459,0.831460256083
106200168,0.248412831831,0.032072259993,0.719514908176
930244920,0.700695981661,0.0229725396155,0.276331478723
207030546,0.980056572218,0.00446644527369,0.015476982508
16608607,0.155578474017,0.0572661423387,0.787155383644
3127790381,0.99960220715,0.00025886240852,0.000138930441323
270649661,0.0734676274659,0.0063934978641,0.92013887467
104172443,0.999999998572,1.40851443467e-09,1.95895687937e-11
277763957,0.777166355715,0.023810060941,0.199023583344
622489198,0.504993155163,0.147371132553,0.347635712285
260821094,0.00970085591839,0.0233864969707,0.966912647111
2348028603,0.365295099863,0.536016670739,0.0986882293983
497074511,0.3446677625,0.0220752235236,0.633257013976
1290241370,0.691709906927,0.0489259829221,0.259364110151
195401981,0.72418347753,0.0441282780884,0.231688244382
544836648,0.569501534975,0.0875082218924,0.342990243132
2895435146,0.0210389820245,0.016789622021,0.962171395955
1945994221,0.627511657924,0.0561634963022,0.316324845774
2602304664,0.00503166120969,0.00337215422798,0.991596184562
260238601,0.42047474438,0.0273191654683,0.552206090152
375647504,0.49562776609,0.0258016383385,0.478570595572
56561976,0.643187920898,0.0378639033469,0.318948175755
279210481,0.33680771275,0.0155680283799,0.64762425887
271603259,0.364535059251,0.0618273313987,0.57363760935
279166266,0.513793929197,0.0723200530049,0.413886017798
52155501,0.426281933377,0.0339249268626,0.539793139761
558788786,0.301424010041,0.207252698642,0.491323291317
305298723,0.909230689813,0.0162308682119,0.0745384419756
232575867,0.388112524324,0.117121187849,0.494766287827
401589009,0.622545778512,0.0332151641361,0.344239057352
919910774,0.368363226587,0.13386890069,0.497767872723
375557130,0.546092175991,0.0562562180504,0.397651605958
2377338407,0.999183725538,0.000546413600132,0.000269860861587
232720813,0.476065193884,0.0271848693695,0.496749936747
928482769,0.60896214558,0.025840617119,0.365197237301
2849226314,0.225349866022,0.0368113527556,0.737838781222
606455437,0.992208269353,0.00420959122822,0.0035821394183
1104166676,0.344141447038,0.0328802529924,0.622978299969
43050088,0.241082768855,0.151142993195,0.60777423795
166318986,0.575424497234,0.0581914028611,0.366384099905
44833112,0.393162213404,0.0576923104818,0.549145476114
815069562,0.00400401743783,0.00112606059714,0.994869921965
2645557780,0.964601182846,0.00841658024094,0.0269822369131
57446265,0.594629723813,0.0227305000807,0.382639776106
21797353,0.309162158263,0.082074469774,0.608763371963
32244073,0.738371557033,0.0321935907449,0.229434852223
1314760891,0.682402708835,0.0584223263108,0.259174964854
878705106,0.425490170245,0.0674650189588,0.507044810796
432060525,0.588877557312,0.00708700166431,0.404035441024
2470676757,0.999985770308,1.2066124461e-05,2.16356788776e-06
325192552,0.993976954835,0.000722757232707,0.00530028793236
92145850,0.480230169416,0.194370481421,0.325399349162
240497352,0.319030510522,0.0580812475207,0.622888241957
408291827,0.452877492672,0.113849662228,0.433272845101
227871151,0.601966337752,0.217788131612,0.180245530635
563321766,0.544806170514,0.0204954700577,0.434698359428
1710248791,0.70559840924,0.0243312641309,0.270070326629
111389567,0.4297155641,0.014565695642,0.555718740258
114463526,0.463373222183,0.0220501689314,0.514576608886
146178997,0.258235881284,0.0555688792653,0.686195239451
812014232,0.548709187006,0.0955714320788,0.355719380915
83337391,0.993775374984,0.000970528466286,0.00525409654945
3261494983,0.568379756569,0.130305428291,0.30131481514
208751566,0.620583715379,0.0309449100731,0.348471374548
1463868234,0.329262272478,0.16442338897,0.506314338551
20718289,0.184413873633,0.467650190673,0.347935935694
1278841489,0.667855959357,0.0425117877414,0.289632252902
598465968,0.0142837708193,0.00205421432595,0.983662014855
326298193,0.273406108251,0.0372276368777,0.689366254872
23808014,0.921059728658,0.0106401412863,0.0683001300553
2216122155,0.0510916020321,0.000316205299928,0.948592192668
519941604,0.0342105363309,0.0127858411118,0.953003622557
218926722,0.214589118916,0.0510993625321,0.734311518552
745341661,0.965728912184,0.01579590496,0.0184751828557
564993254,0.572673326151,0.205254338642,0.222072335207
513125582,0.322343601842,0.0224148511196,0.655241547038
389876078,0.661425238387,0.0683871298582,0.270187631755
294358277,0.531155471329,0.0235855481127,0.445258980559
519654098,0.787563497362,0.0460628580406,0.166373644597
15677489,0.32328067659,0.0123623302888,0.664356993121
290604107,0.592844147394,0.0369152426907,0.370240609915
870456121,0.445491955208,0.0847110733093,0.469796971483
911623854,0.703031454361,0.0131069475096,0.28386159813
463296602,0.011876682273,0.00607400934603,0.982049308381
224258036,0.0195127124558,0.000573330980039,0.979913956564
1695094651,0.556332846361,0.106501063429,0.337166090209
241938537,0.490054920195,0.117073349379,0.392871730426
2520972581,0.517407864222,0.0206875331445,0.461904602634
216228588,0.374883908201,0.34981496133,0.275301130468
581811823,1.3307428781e-07,1.22837517729e-07,0.999999744088
92591481,0.61150683137,0.0622048204921,0.326288348138
159921779,0.293330496293,0.0210216041754,0.685647899532
1618021675,0.379473084937,0.0607922101433,0.55973470492
450035865,0.598457842024,0.0550766708497,0.346465487126
1654246074,0.654292038825,0.0403947365923,0.305313224583
77180043,0.091489471057,0.033271285805,0.875239243138
606541788,0.750304481677,0.013382858311,0.236312660012
333136345,0.738773246345,0.0192780499799,0.241948703675
15348732,0.0914435501318,0.227331922539,0.681224527329
2903179129,0.0480217986472,0.0940206751929,0.85795752616
887303622,0.685967993443,0.0536588422782,0.260373164279
208675793,0.581214160611,0.0610147912718,0.357771048117
537713946,0.527618447466,0.206394949431,0.265986603102
45984599,0.69774589057,0.0510268376346,0.251227271796
595285279,0.958766085158,0.0126982821019,0.0285356327405
23906462,0.115862569013,0.0715545851401,0.812582845847
333362361,0.656017775111,0.0837778388628,0.260204386026
77205043,0.29840920361,0.00498130381107,0.696609492579
171845657,0.677584276238,0.0377919259782,0.284623797784
1015726766,0.61462428773,0.0759647776568,0.309410934613
2365115823,0.999939053203,2.96391262779e-05,3.13076705369e-05
549620241,0.566159435237,0.181316300677,0.252524264086
2882190019,0.334991880871,0.190750120496,0.474257998633
3023573015,0.955547780239,0.0245233516309,0.0199288681305
1889895427,0.993893567918,0.00211943480484,0.00398699727708
504882003,0.213328610526,0.0366384732051,0.750032916269
1143587197,0.0230774420905,0.969295312702,0.0076272452075
2540694090,0.0634786083649,0.88808740653,0.0484339851053
1123767266,0.999996340701,2.82872669591e-06,8.3057209696e-07
152423331,0.358107279554,0.0107167831945,0.631175937251
44059824,0.511911283328,0.0948938962332,0.393194820439
1470564638,0.391017855663,0.073301359174,0.535680785163
548388494,0.000107761511266,0.000121035926089,0.999771202563
716089932,0.00976656373057,0.00359354098921,0.98663989528
442156831,0.462642898985,0.114956878231,0.422400222784
75944454,0.251897870896,0.276745469985,0.471356659119
46585002,0.445427237158,0.0504362606052,0.504136502237
2227870705,0.336647972144,0.172597268674,0.490754759182
60093953,0.965868009861,0.00274370286614,0.0313882872728
618460253,0.00221112277003,0.000581447997032,0.997207429233
399376287,0.0700334845705,0.0212646093317,0.908701906098
198313713,0.992225636626,8.56597140906e-05,0.00768870365956
553303074,0.58595396133,0.0408788411553,0.373167197515
105032433,0.12176057364,0.0243671240003,0.853872302359
1660731014,0.533144748963,0.0437619410663,0.42309330997
78699337,0.252071899359,0.0292568272467,0.718671273394
480424708,0.451472665747,0.022871153617,0.525656180636
2585789472,0.999960113538,1.63633017128e-05,2.35231601633e-05
17027960,0.881039799949,0.0213961066312,0.0975640934193
158840612,0.657424159487,0.144381253577,0.198194586936
796922954,0.775652116021,0.0335875988575,0.190760285122
167135939,0.235062733005,0.0236257152744,0.74131155172
62431347,0.319635715673,0.0981527514274,0.5822115329
26078245,0.348054554659,0.0387858608082,0.613159584533
98306812,0.626705036012,0.012211285949,0.361083678039
313969476,0.651832169852,0.048798818808,0.29936901134
103686392,0.64654769299,0.0518859257701,0.301566381239
113426107,0.978982798709,0.000995209169972,0.0200219921215
2234172433,0.999993928508,4.71585394491e-06,1.35563838914e-06
1697361607,0.397651094103,0.223375477093,0.378973428804
162196294,0.433597867324,0.098533408341,0.467868724335
2740290983,0.835818126596,0.033446988632,0.130734884772
290162072,0.666702192442,0.0623618631195,0.270935944438
136873698,0.270157884571,0.0764992231044,0.653342892325
490016832,0.825098357057,0.0195271229566,0.155374519987
15308663,0.423361413462,0.0592250850786,0.517413501459
112215858,0.487080153383,0.0484778864356,0.464441960182
27837822,0.308155927834,0.116115213608,0.575728858558
299222505,0.477058295887,0.0515121359161,0.471429568196
44400949,0.192658198868,0.184738178492,0.62260362264
361542717,0.414689544872,0.0563040853348,0.529006369793
828443011,0.999430867639,0.000110955946133,0.00045817641479
320995385,0.999586731919,0.000190495679011,0.00022277240216
49677012,0.732293975048,0.0422471230342,0.225458901918
373737805,0.590592931962,0.0100540436575,0.39935302438
2615622304,0.511689525324,0.22527494302,0.263035531656
1261770158,0.413141878294,0.0923794749568,0.494478646749
141705541,0.992510019833,7.72459713288e-05,0.00741273419519
530797632,0.687472262178,0.076187729925,0.236340007897
20917414,0.665496702473,0.0521591919012,0.282344105626
16033231,0.110567931,0.177919974966,0.711512094034
1142000886,0.965094216688,0.00953214983794,0.025373633474
268619482,0.00446253145461,0.00140708277339,0.994130385772
1897673754,0.59190701406,0.118975185139,0.289117800801
239126665,0.634958963075,0.0841341551281,0.280906881796
128707883,0.475193764922,0.111892313179,0.412913921898
20553369,0.347568472082,0.0442878652091,0.608143662708
164068234,0.364856564673,0.100350646919,0.534792788408
369182889,0.586565472608,0.0462933642675,0.367141163124
121753089,0.499011267462,0.0415444626955,0.459444269843
417680355,0.376685067228,0.08607330508,0.537241627692
1023888896,0.709718998927,0.00848986050394,0.281791140569
2295468417,0.582352854975,0.0603682605969,0.357278884428
500371984,0.546381786216,0.0471343507746,0.406483863009
38513407,0.131195980962,0.0945139838238,0.774290035214
74728613,0.00443011086218,0.000161476284806,0.995408412853
840305390,0.399374916469,0.157344436861,0.44328064667
190462595,0.355559911113,0.0659161046853,0.578523984202
2274247962,0.771036663651,0.0586054005727,0.170357935776
1892124200,0.644743931386,0.0420739558688,0.313182112746
457848265,0.351702529414,0.155378976224,0.492918494362
762102211,0.360161028079,0.126079542755,0.513759429165
610296859,0.00292816016773,0.000540920838065,0.996530918994
14273497,0.17717751978,0.0184492788223,0.804373201398
70699023,0.100683104289,0.00985914827575,0.889457747435
82262165,0.521188564542,0.00387623637644,0.474935199082
563906623,0.371990724317,0.0895189119112,0.538490363772
369406642,0.460346483315,0.061046343538,0.478607173147
102765845,0.507926425731,0.0324802770169,0.459593297252
1174797199,0.0120687564844,0.00187706612458,0.986054177391
1886062356,0.999326830496,0.000383920118084,0.000289249386015
337878446,0.449382856143,0.0486406720364,0.501976471821
19228072,0.461637189658,0.125510892837,0.412851917505
1319415895,0.713692274711,0.0511606129963,0.235147112292
3196721034,0.527602722647,0.027213838421,0.445183438932
1240421221,0.999999283956,6.20646465119e-07,9.53971879355e-08
14464905,0.675456331861,0.0592265140178,0.265317154122
109826714,0.612782081892,0.0783162074018,0.308901710707
14254444,0.650854619772,0.0300040197095,0.319141360518
1173685621,0.0108280831311,0.984873514823,0.00429840204579
245925372,0.964072427648,0.00432195248777,0.0316056198642
261323811,0.509450737879,0.0823683077446,0.408180954377
21465523,0.165702838476,0.0802351038788,0.754062057645
349883172,0.997565645992,0.00116495919988,0.00126939480818
1894868797,0.177201409094,0.0280788724267,0.794719718479
318894837,0.296652933521,0.0638167034721,0.639530363007
68158908,0.962933962718,0.00555337354947,0.031512663733
1396632422,0.251680470975,0.136207933443,0.612111595582
1263774421,0.0328115177711,0.00526529938691,0.961923182842
2683645357,0.99972297733,0.000120314506167,0.000156708163925
17535874,0.442638498155,0.0683936151772,0.488967886668
51584875,0.631721102263,0.0464809413327,0.321797956404
1369317738,0.685410556818,0.0210269689606,0.293562474222
590682488,0.348671427765,0.0726390946839,0.578689477551
337545716,0.000184082729387,0.000157195216072,0.999658722055
842891640,0.579182552575,0.0684760400406,0.352341407385
886035824,0.77207383338,0.0246120851804,0.20331408144
564748009,0.431577873728,0.0341751032937,0.534247022978
338405134,0.258385938121,0.072149021045,0.669465040834
608751926,0.540189223404,0.292825022149,0.166985754447
172089929,0.889559696346,0.0431095455341,0.0673307581203
15894895,0.730443748703,0.0512181501548,0.218338101142
1413214116,0.338885168966,0.0103744188027,0.650740412231
49748004,0.70337144557,0.0429183274864,0.253710226944
352040117,0.212984203581,0.0418878518951,0.745127944524
84793819,0.253130471215,0.370742950145,0.37612657864
348599833,0.702403431556,0.0462315429339,0.25136502551
1560879775,0.358582368132,0.055586861665,0.585830770203
273069036,0.956002734157,0.0170768527609,0.0269204130816
1183585674,0.461039787067,0.0157453339328,0.523214879
411703137,0.652480101836,0.0356302977306,0.311889600434
55445406,0.751012019967,0.0371413732323,0.211846606801
2735248043,0.999965850997,2.53232471227e-05,8.82575593158e-06
597904969,0.00193597450179,0.00158645250976,0.996477572988
3289074299,0.999976477685,2.0562625536e-05,2.95968897258e-06
48372027,0.598841373516,0.139217656815,0.261940969669
20873929,0.335707551989,0.0867717184738,0.577520729537
60809422,0.458463379427,0.0224038436678,0.519132776905
42246344,0.995252999169,3.28419693819e-05,0.00471415886121
897861770,0.749254039814,0.07009372637,0.180652233816
2692747447,0.893868048333,0.0307071609287,0.0754247907381
455413222,0.455567742305,0.389205073949,0.155227183747
453869428,0.0527110811468,0.0166654304694,0.930623488384
3248410868,0.113078291331,0.00867102658935,0.87825068208
38768740,0.267563592261,0.0444455400114,0.687990867727
22231178,0.194243476807,0.0630857841605,0.742670739033
185123246,0.990668228801,7.32166242475e-05,0.0092585545749
240306116,0.996878611051,0.000833049028899,0.00228833991981
820527187,0.84947235501,0.0306546862203,0.11987295877
1352706038,4.38405843815e-05,3.34131349693e-05,0.999922746281
15778141,0.389334410593,0.169689402047,0.440976187361
3086369546,0.999744586752,7.76887447489e-05,0.000177724503557
294212020,0.999813537765,0.00014749812388,3.89641110922e-05
100325103,0.395718728938,0.0326713685636,0.571609902499
2609089517,0.73641203494,0.0424991375849,0.221088827475
423452301,0.132316621112,0.026292263794,0.841391115094
552054565,0.183130819685,0.0608154993122,0.756053681003
223668482,0.537547804658,0.145743950794,0.316708244549
88850446,0.0103067623956,0.00450838617696,0.985184851427
519676787,0.493807957148,0.0613426411494,0.444849401703
1353059370,0.507094289234,0.0679598213335,0.424945889432
59524045,0.00277779088182,0.00261582225385,0.994606386864
338003614,0.589285152685,0.0429026605899,0.367812186725
2169538327,0.189656944157,0.00812516376897,0.802217892074
780989538,0.344725740596,0.12173606456,0.533538194844
496277783,0.652987507338,0.0403581629413,0.306654329721
119688945,0.115494525563,0.029622911644,0.854882562793
50172851,0.0779369650524,0.0170375274261,0.905025507522
18734826,0.513525585897,0.0485494039031,0.4379250102
9804592,0.538182689245,0.0507541414651,0.41106316929
349837078,0.430749861866,0.085237442236,0.484012695898
5382722,0.145319944913,0.0204403414653,0.834239713621
1358011928,0.316920580719,0.0754431561632,0.607636263117
400037066,0.396151535166,0.00979848665158,0.594049978182
69012774,0.542330000858,0.0591786291746,0.398491369967
816412230,0.265105803309,0.013922781873,0.720971414818
291610448,0.243570788156,0.0176677287892,0.738761483054
1216494307,0.434927419865,0.263879742858,0.301192837277
861031928,0.0122977886055,0.00510405621639,0.982598155178
149797759,0.356692348932,0.166988188012,0.476319463056
80849456,0.474055118162,0.078949664134,0.446995217704
98536189,0.675236069262,0.0383911857878,0.28637274495
3235858377,0.0826480952643,0.0261282104339,0.891223694302
2903935893,0.411805619271,0.0819523270005,0.506242053729
580277791,0.956830185952,0.0239564368142,0.0192133772336
579962465,0.448615005876,0.237477655536,0.313907338588
360878347,0.867733355309,0.0322266336393,0.100040011052
115564284,0.0907401586423,0.0236800676872,0.88557977367
435147685,0.367623960297,0.323244188957,0.309131850746
30820208,0.583770157154,0.108217048197,0.308012794649
2248007610,0.651318096336,0.0254745364837,0.32320736718
2842644170,0.672099888658,0.0722804180255,0.255619693317
2380288770,0.947524470456,0.00654565954966,0.0459298699939
927646027,0.936162752107,0.0151675125653,0.0486697353278
320526302,0.787206953687,0.00885264628187,0.203940400031
1132653697,0.457310823272,0.0925357178017,0.450153458926
67996364,0.491331978653,0.0885363074671,0.42013171388
81546584,0.244334703868,0.0213262318755,0.734339064257
17465671,0.211375118419,0.561020895131,0.22760398645
761906298,0.374849105398,0.126304940306,0.498845954296
1141488523,0.903352181073,0.0115993681516,0.0850484507751
378114427,0.51403367457,0.0364394509588,0.449526874472
382865184,0.584476035832,0.0370729353647,0.378451028803
477375551,0.903246028299,0.0214623513378,0.0752916203629
441175398,0.39424337917,0.0341772396558,0.571579381174
91816957,0.409738092783,0.0365722061365,0.553689701081
69241207,0.00664386683222,0.000643927140374,0.992712206027
3096198240,0.636359393195,0.0799439677348,0.28369663907
1497503275,0.999926685824,2.71544589076e-05,4.61597167134e-05
32920510,0.229151904174,0.0829542012235,0.687893894603
55281848,0.449362599835,0.0396827772012,0.510954622963
112436105,0.00355503309546,0.000790142725151,0.995654824179
342072935,0.212567629893,0.232344649953,0.555087720155
2246396612,0.61879922605,0.0799046799218,0.301296094028
219386122,0.95587833498,0.00430229159665,0.0398193734229
840057535,0.264797753377,0.034842815805,0.700359430818
447672456,0.390305450879,0.0326124409839,0.577082108138
1043497800,0.092086375223,0.0194074943086,0.888506130468
422027515,0.541161458277,0.0608820837399,0.397956457983
476864302,0.320408237632,0.0626778997254,0.616913862643
727382564,0.410591065403,0.286656178523,0.302752756074
1322255024,0.646399088775,0.0305143722512,0.323086538973
1066872096,0.432693134369,0.163937180117,0.403369685515
17725546,0.00138002520652,0.0011468037191,0.997473171074
17881474,0.259683194662,0.0613885869303,0.678928218408
593167519,0.997319600529,0.00156596567122,0.00111443380017
761162160,0.504418320208,0.101769072937,0.393812606855
478332761,0.797102427457,0.0207239026665,0.182173669877
354617938,0.349700999422,0.124143816827,0.526155183751
6592322,0.229487983801,0.114025616657,0.656486399542
1216524474,0.267617773645,0.107266918532,0.625115307822
3306945902,0.471316836011,0.332471673745,0.196211490243
1239699001,0.996387850055,5.50002768795e-05,0.00355714966839
315064761,0.675278930275,0.0563378121348,0.26838325759
1107987799,0.247531847312,0.0808278012673,0.671640351421
26802920,0.506873801856,0.0689146566793,0.424211541465
459672657,0.938276338373,0.0308340336722,0.0308896279546
379772570,1.71161587351e-05,1.10114260601e-05,0.999971872415
342673259,0.654496801431,0.0342974127229,0.311205785846
178451928,0.377177996885,0.0194016042498,0.603420398865
324719378,0.72576600612,0.0256873691259,0.248546624754
1401771667,0.534835307512,0.0301376222893,0.435027070198
28363325,0.364785959962,0.0488742468886,0.586339793149
281284923,0.881461977791,0.0198537660092,0.0986842562002
114869670,0.985624208219,0.000124515817815,0.0142512759629
353553221,0.422435286426,0.078581442136,0.498983271438
1278796268,0.150606921147,0.025014519372,0.824378559481
35910692,0.22129367534,0.0499159379478,0.728790386713
3035382682,0.422093554956,0.0507344010715,0.527172043972
953040954,0.722670363983,0.0909390650148,0.186390571003
300465643,0.999758414377,0.000156928929624,8.46566932584e-05
38720376,0.414742270628,0.488413408376,0.0968443209959
46384811,0.000409837497606,0.000280977361109,0.999309185141
1243189698,0.516631031031,0.057192236114,0.426176732855
601495500,0.729257413497,0.0419349885549,0.228807597948
2470188804,0.99999999274,6.97785572447e-09,2.81866920574e-10
74221495,0.698107600306,0.049846436022,0.252045963672
313703980,0.393360762838,0.0628434478004,0.543795789362
1018289748,0.348749286205,0.00454735378823,0.646703360007
234483788,0.146453083669,0.0187057807831,0.834841135548
205839617,0.653834950747,0.198623819995,0.147541229259
306627095,0.0595349711423,0.031357760534,0.909107268324
406117645,0.850404680382,0.0334318889471,0.116163430671
17143502,0.518209934195,0.0372657292965,0.444524336509
2445658069,0.990819571286,0.00273565097447,0.00644477773903
436965579,0.701442862933,0.0408972827097,0.257659854357
1971753667,0.0171486980047,0.00535739422386,0.977493907771
264201559,0.474963035565,0.150325509901,0.374711454534
224651702,0.45345242964,0.0548039076105,0.491743662749
950597779,0.254749028887,0.00471676600869,0.740534205104
2543503969,0.827759248103,0.0632609809904,0.108979770906
2990247307,0.868803658485,0.00113851377097,0.130057827744
68932763,0.724195969116,0.0161710905848,0.259632940299
16731518,0.356908663173,0.0304625998243,0.612628737002
20969357,0.0960480265335,0.0757888960476,0.828163077419
38047866,0.966062859834,0.00507116265019,0.0288659775154
306450414,0.0698722377719,0.0365439283289,0.893583833899
2875861705,0.999959069172,3.18588213164e-05,9.07200704852e-06
241769866,0.253248250394,0.0557746392349,0.690977110371
259724812,0.231020983074,0.0238452632413,0.745133753685
284100734,0.815491154974,0.0132751375288,0.171233707497
848169949,0.142318585426,0.0257421788175,0.831939235756
473976834,0.563579754866,0.0162488620605,0.420171383073
1532720162,0.00167017799772,0.000852773142397,0.99747704886
30854332,0.481478835121,0.240024981066,0.278496183812
356788365,0.114451574409,0.0235371545342,0.862011271057
2588628583,0.999999998129,1.83171397996e-09,3.94200091912e-11
14123432,0.633313029004,0.0714618023085,0.295225168687
601063652,0.733909833991,0.0101182494667,0.255971916543
2432002884,0.286798746613,0.0817569225637,0.631444330823
2155301443,0.056657943169,0.0013755029765,0.941966553854
300313283,0.196359024796,0.0492492897275,0.754391685476
162693737,0.546655069673,0.0250995954148,0.428245334912
282361098,0.360845120677,0.0276334905126,0.611521388811
10718422,0.567413724913,0.0806230120716,0.351963263015
310678856,0.90897397446,0.0295676790077,0.0614583465325
95970544,0.000480526436736,0.000144603612741,0.999374869951
1947195025,0.44232241725,0.106953560255,0.450724022495
539051786,0.200348411337,0.00720248848519,0.792449100178
30649886,0.307447091173,0.0222056054285,0.670347303398
263081300,0.99992828851,2.17416795853e-05,4.99698108113e-05
15209180,0.444421845135,0.055551432634,0.500026722231
2411481877,0.383957916108,0.376091194623,0.239950889269
146589220,0.996579556012,3.22663047096e-05,0.00338817768354
107767973,0.0102054579113,0.00188485938743,0.987909682701
16860787,0.51489248617,0.0317326806457,0.453374833184
172231462,0.309715067256,0.0587540971381,0.631530835606
120547279,1.78484814288e-06,1.0447533741e-06,0.999997170398
475579179,0.680155628379,0.0521379314464,0.267706440175
28158963,0.569399406671,0.0165967020669,0.414003891262
349537892,0.485608352862,0.0122593841614,0.502132262977
1596465696,0.489201019942,0.0900185923181,0.42078038774
21975143,0.29538577949,0.499338014589,0.205276205921
171838848,0.25923063074,0.0344630151596,0.7063063541
2400685317,0.999999800221,1.90639385443e-07,9.14003575571e-09
2171095269,0.133659794094,0.174242654514,0.692097551392
881347560,0.351514809057,0.10454531227,0.543939878673
171388175,0.462502906082,0.141368013102,0.396129080815
1668803455,0.532628583089,0.0955520195728,0.371819397338
24627189,0.521274057078,0.107637773755,0.371088169166
25922740,0.559408043289,0.149154029152,0.291437927559
20070486,0.21573479032,0.0127183761641,0.771546833516
189812865,0.92684598421,0.00305842562602,0.0700955901642
268097454,0.374208345514,0.0918450638458,0.533946590641
17583722,0.773169021381,0.0242496762915,0.202581302328
356783380,0.513491771275,0.0486373783217,0.437870850403
297042642,0.999998303119,1.33188651169e-06,3.64994854278e-07
1387368541,0.321656755127,0.0442255511185,0.634117693755
620233767,0.999159357534,0.00042875320362,0.000411889262622
34824260,0.42965840576,0.0366865413612,0.533655052879
38520375,0.527997938568,0.0239431563594,0.448058905073
21278298,0.45807932744,0.0493554405057,0.492565232054
741812581,0.665197340917,0.0355572669251,0.299245392158
193517009,0.704142501216,0.0870129313325,0.208844567452
69854243,0.889642484192,0.0142971355733,0.0960603802345
590859394,0.435454383376,0.148683574302,0.415862042322
2470788182,0.410947149207,0.0793306798654,0.509722170927
414182186,0.18197220764,0.0130634330147,0.804964359346
2189067721,0.667250508239,0.0249683107071,0.307781181054
626267906,0.355627489904,0.0903564828259,0.55401602727
19926765,0.868483080683,0.0142608533481,0.117256065969
195956833,0.14168253731,0.0420556183671,0.816261844323
1917455539,0.630390667784,0.0181604903934,0.351448841822
2916830933,0.787659726558,0.0467503108446,0.165589962597
319851304,0.868610486882,0.0404101242519,0.0909793888658
56635187,0.571500450663,0.0755808142257,0.352918735111
2299217627,0.999248479065,0.000424944920386,0.000326576014707
69449008,0.55239023314,0.0498965274516,0.397713239408
3033313161,0.603707087047,0.063455641568,0.332837271385
277162182,1.6689019576e-05,1.29355399058e-05,0.999970375441
54076052,0.420393577808,0.00315622344069,0.576450198751
1213727731,0.33520866591,0.0453356247099,0.61945570938
1263937254,0.00462019400401,0.00101761852536,0.994362187471
1080592752,0.327191838598,0.132977662646,0.539830498755
14959880,0.161509563526,0.0272686281736,0.811221808301
310510811,0.489121130766,0.0274453500822,0.483433519151
177155900,0.142593832324,0.00684542570702,0.850560741969
23319586,0.548131890548,0.0723354481682,0.379532661284
47643884,0.358716280639,0.149433539328,0.491850180033
418724925,0.280710439944,0.0850244259456,0.63426513411
826680667,0.637195014275,0.0816201986831,0.281184787042
123416490,0.0109857990133,0.00284021247536,0.986173988511
107906089,0.880878780404,0.0146890814114,0.104432138184
3234173488,0.999994038181,5.08293787116e-06,8.78881348031e-07
24858771,0.657250258946,0.0181703265279,0.324579414526
488761789,0.345157690928,0.0319096058652,0.622932703207
1382462976,0.02671835235,0.00189670826831,0.971384939382
18595736,0.0221304376871,0.00482398593001,0.973045576383
134991102,0.582354995012,0.0529729551352,0.364672049853
2340946724,0.600798431778,0.0906337759518,0.30856779227
