twitter_id,is_1,is_2,is_3
269247809,0.0629198516283,0.0381363871041,0.898943761268
156790994,0.562940248142,0.153247104261,0.283812647597
40366130,0.462562923649,0.114370134139,0.423066942212
362152133,0.982397581079,0.00758827461163,0.0100141443094
1011643310,0.428169195149,0.0962628943998,0.475567910451
2543890665,0.535015936979,0.0990743383768,0.365909724644
230635591,0.470697222093,0.299732689271,0.229570088636
2239578338,0.567725209846,0.148372478466,0.283902311688
1143641238,0.446639315679,0.379294605355,0.174066078966
1214184414,0.215101516715,0.487037693897,0.297860789388
2475040563,0.180072533044,0.37669058175,0.443236885206
1523666407,0.607587829634,0.098351549742,0.294060620624
56028813,0.359310559282,0.465725472878,0.17496396784
462914460,0.392528298564,0.0405226074993,0.566949093937
218600304,0.352733205486,0.261601679519,0.385665114995
23896303,0.616951954486,0.0997801764779,0.283267869036
140383662,0.105210752269,0.428198757417,0.466590490314
244271177,0.736926483916,0.0701038539925,0.192969662092
2749882065,0.238093258826,0.381889914843,0.380016826331
546361206,0.635723700365,0.0805265609192,0.283749738716
201919020,0.338240342484,0.215248622816,0.4465110347
584119358,0.36564610983,0.308845848138,0.325508042033
285428986,0.358741036505,0.0927444511623,0.548514512333
2363987340,0.268588782464,0.495209888866,0.23620132867
43019230,0.04600714243,0.0086102670867,0.945382590483
366095552,0.626261434181,0.0512192549775,0.322519310841
77248701,0.662895341473,0.108901143705,0.228203514822
167642321,0.302412224222,0.478089992133,0.219497783645
3034591,0.418654625606,0.123541533755,0.457803840639
1089394580,0.612585029687,0.0859157282482,0.301499242064
346247782,0.477970657966,0.237933621942,0.284095720091
150586801,0.685850749968,0.100810897231,0.213338352801
912840157,0.411141124791,0.09651295043,0.492345924779
141758845,0.360341022456,0.222506279174,0.41715269837
115780434,0.198172675441,0.0827120160389,0.71911530852
39890475,0.572071448657,0.181378461725,0.246550089619
229185703,0.252893637517,0.661209353963,0.0858970085199
46717161,0.27383410471,0.185132415191,0.541033480099
2155403492,0.654692237564,0.123707555709,0.221600206727
474639863,0.475802991538,0.0427205488585,0.481476459603
290041816,0.498799828314,0.0535092942937,0.447690877392
456012732,0.28357592627,0.093167792265,0.623256281465
27457788,0.0827330736147,0.872725422322,0.0445415040633
404862698,0.210997171189,0.166898586477,0.622104242334
2172668713,0.969078622282,0.00882953659514,0.022091841123
159059150,0.527359503011,0.0729123043883,0.399728192601
912906139,0.476654420111,0.157948821252,0.365396758637
37164492,0.307720789892,0.0746848756637,0.617594334444
351520385,0.319852658612,0.122493919726,0.557653421663
133170416,0.545177141494,0.11190488419,0.342917974315
2313612032,0.463596354367,0.0476735030218,0.488730142612
422373092,0.393189268455,0.366211539592,0.240599191953
428186998,0.919126233258,0.0493935686541,0.0314801980876
1354977896,0.195123611512,0.0790865674266,0.725789821062
18645080,0.199219995539,0.143438165531,0.657341838931
460111485,0.621808920865,0.194469871983,0.183721207153
553132806,0.0434129917274,0.00339670668325,0.953190301589
340544939,0.0145487698213,0.000922974864289,0.984528255314
237833050,0.544128779221,0.196072773554,0.259798447225
856152074,0.140744667305,0.446616385126,0.412638947569
382982085,0.67621037968,0.0994261094843,0.224363510836
1601482273,0.335997570677,0.00927872341279,0.654723705911
1248210876,0.000247657665401,2.93793334332e-05,0.999722963001
3145755731,0.201656855707,0.147092443018,0.651250701275
2783216461,0.0571012946619,0.0218858110361,0.921012894302
275934452,0.0206036785571,0.0044186247984,0.974977696645
347502498,0.392857606992,0.2950050502,0.312137342807
2735522689,0.628271942959,0.0301714026638,0.341556654377
574818362,0.998761807621,0.000913615065475,0.000324577313197
2209925210,0.204249944739,0.0103668053076,0.785383249953
386701721,0.71018235016,0.0529708226868,0.236846827153
632702418,0.577379131484,0.229558739297,0.193062129218
14920785,0.281843414929,0.276657228366,0.441499356705
243747804,0.136147225901,0.0410929327529,0.822759841346
417584831,0.368588436718,0.363003119001,0.26840844428
26509846,0.557776145744,0.364897546407,0.0773263078487
22195903,0.267090651451,0.54670135601,0.186207992538
2455426016,0.426302686687,0.133816627661,0.439880685653
3167996925,0.70173529232,0.0817629175676,0.216501790112
3300429402,0.988007656025,0.00474981867904,0.00724252529615
1083021884,0.349830520929,0.152302989001,0.49786649007
183240534,0.729123684044,0.201292358047,0.0695839579086
349769246,0.689815722878,0.290215313876,0.0199689632459
624850711,0.244401571776,0.373779536041,0.381818892183
1719340946,0.77571617736,0.0197611339142,0.204522688726
132616981,0.0577026139131,2.22992564113e-05,0.94227508683
42467646,0.27702983085,0.0808870606095,0.642083108541
280609491,0.0624591036383,0.451286564931,0.486254331431
239418402,0.460038451375,0.239159789053,0.300801759573
16988035,0.120700454714,0.114483001583,0.764816543702
435187146,0.725519959931,0.0987119022951,0.175768137774
60548369,0.232755006541,0.00223287827442,0.765012115184
19686815,0.760582769973,0.117260089661,0.122157140366
119199083,0.18821642597,0.761985109465,0.0497984645647
46237608,0.612559095372,0.11218160157,0.275259303058
500957287,0.610551524692,0.026383428618,0.36306504669
407799468,0.200987761518,0.241602731156,0.557409507327
18011128,0.262800256992,0.404316576908,0.3328831661
235796019,0.658913454301,0.0939880761018,0.247098469597
197167610,0.34092183545,0.346441071407,0.312637093143
387123498,0.297294171803,0.531903458309,0.170802369888
303447411,0.503923173557,0.209877544287,0.286199282157
838683727,0.461332794621,0.160185941945,0.378481263433
343051634,0.999995355766,3.75737912518e-06,8.86854461824e-07
1645587230,0.00108167349268,0.000379894682264,0.998538431825
237899339,0.00108177556068,0.000114030194417,0.998804194245
95130850,0.282666662158,0.291784322108,0.425549015734
21795853,0.0916447524339,0.0720274450074,0.836327802559
109688738,0.611596294842,0.113630558979,0.27477314618
558118090,0.319348726551,0.324265175653,0.356386097796
256269179,0.265709174705,0.445681746636,0.288609078659
42403402,0.839493557213,0.100194076567,0.0603123662199
582296868,0.000474199143434,0.000172424232987,0.999353376624
578798233,7.31078709565e-05,2.36482190697e-05,0.99990324391
309801599,0.547182080794,0.241456733513,0.211361185693
240036327,0.352520079008,0.361556888384,0.285923032607
406127394,0.801794638031,0.171962028314,0.0262433336547
233138296,0.471036745753,0.207682726482,0.321280527765
101552412,0.65078191966,0.180083331973,0.169134748367
281416079,0.988426164814,0.000778754386508,0.0107950807997
72341341,0.971021270062,0.0180113888408,0.0109673410975
582060906,0.257689543884,0.338216727109,0.404093729008
3013023915,0.129511781557,0.535726821518,0.334761396925
467776542,0.327170279726,0.404698506173,0.2681312141
531465387,0.742864791194,0.16502698383,0.0921082249758
1385249563,0.552354459176,0.125243905047,0.322401635777
628676320,0.728385287987,0.12692825326,0.144686458754
464228230,0.485960931992,0.216550045768,0.29748902224
1695528368,0.456900028634,0.156612392443,0.386487578923
327193695,0.405794039193,0.380132591397,0.21407336941
451155770,0.765144171207,0.0369555381694,0.197900290624
334743604,0.267233493383,0.426605625952,0.306160880665
90726344,0.0829354423101,0.082933928524,0.834130629166
1219459260,0.270136615419,0.103307781233,0.626555603348
335676672,0.257525344362,0.199091583576,0.543383072062
136020285,0.52383307571,0.392312493981,0.0838544303094
101662392,0.677895276436,0.142490043116,0.179614680448
56867362,0.524088151096,0.21349787513,0.262413973774
385723860,0.460101495519,0.190256466755,0.349642037727
575935164,0.219582961834,0.659456291955,0.120960746211
20631684,0.000179661624317,0.000100911132482,0.999719427243
1064287478,0.532453401179,0.15417569045,0.313370908371
1610120834,0.50136296149,0.112091352437,0.386545686073
48928361,0.698080562384,0.0619313503996,0.239988087216
26282346,0.0958519249132,0.00847729863859,0.895670776448
124950599,0.366002325811,0.396133738176,0.237863936013
29005336,0.751601183021,0.0726432463565,0.175755570622
2299807339,0.398502495573,0.261558085151,0.339939419276
201010679,0.372181799783,0.14269459948,0.485123600737
2576498547,0.105379117768,0.0334518856253,0.861168996606
187839450,0.506947117968,0.377085980361,0.115966901671
242107970,0.414944086472,0.177965034237,0.40709087929
84998188,0.29083758995,0.584758168292,0.124404241758
86573991,0.923013615884,0.0172093889521,0.0597769951639
38551656,0.779140014582,0.107349536563,0.113510448855
314300500,0.203708466013,0.23102335263,0.565268181357
29986538,0.231131608495,0.00640029122176,0.762468100283
37170357,0.665734600068,0.190448675089,0.143816724843
549503015,0.687818508976,0.0540566659866,0.258124825037
154700060,0.304024408302,0.175580178119,0.520395413579
114937668,0.971097002764,0.00191565828281,0.0269873389537
1670115638,0.430409973665,0.35151858493,0.218071441405
392982257,0.232610651348,0.11327341566,0.654115932992
29872754,0.676214186979,0.0759442036065,0.247841609415
83069856,0.0383335411131,0.00180805727909,0.959858401608
3302282537,0.527072923575,0.12804139893,0.344885677495
386814760,0.242006327223,0.317816245534,0.440177427243
570147017,0.467824460277,0.153797253307,0.378378286416
1572712849,0.664685327638,0.0445015220145,0.290813150348
582924530,0.168926156634,0.20773944799,0.623334395376
2814136474,0.186926203463,0.780912756911,0.0321610396262
2431166082,0.515145002588,0.176062103429,0.308792893982
585103647,0.300612607754,0.0635426817546,0.635844710492
34702103,0.557654117544,0.136347397351,0.305998485104
362035229,0.904038021623,0.0900277577794,0.00593422059767
138151465,0.406843037963,0.229722908251,0.363434053785
551382502,0.441616999744,0.15145455367,0.406928446586
149151890,0.656424848963,0.201383871403,0.142191279634
1138655624,0.230408586104,0.547534717114,0.222056696782
2604487133,0.552829136722,0.122137926881,0.325032936398
1506858686,0.792328339265,0.0686087062125,0.139062954523
2902368148,0.261766590286,0.679176411493,0.0590569982208
414716477,0.929878685092,0.0211295876023,0.0489917273058
620268361,0.106544723624,0.0474200724228,0.846035203953
1343371332,0.913166219196,0.00068452758294,0.0861492532211
81697684,0.33398574039,0.412474709808,0.253539549802
126425051,0.633059910344,0.121942607557,0.244997482099
387285465,0.99864050872,0.000820674466036,0.000538816813554
95500116,0.995966728399,4.45841932206e-07,0.00403282575859
924635221,0.999859160408,5.91343173553e-05,8.17052749125e-05
45401288,0.118799800123,0.738265367729,0.142934832148
532660857,0.118747259595,0.745861246178,0.135391494227
67125694,0.351038648866,0.302108924083,0.346852427052
608715374,0.720058897015,0.112546043105,0.16739505988
484905553,0.295677489627,0.135601165131,0.568721345242
2470273612,0.0907780101339,0.38457969391,0.524642295956
2309044724,0.30452941329,0.16133612525,0.53413446146
86853710,0.998672649386,6.17239219635e-09,0.00132734444112
310837922,0.341659590909,0.269449260143,0.388891148948
309629807,0.385272263523,0.29823119413,0.316496542347
15210423,0.427476204998,0.226573891078,0.345949903924
37048630,0.521671089614,0.195254129147,0.283074781239
1367930034,0.248527300137,0.14272013147,0.608752568392
461204984,0.109276531218,0.0262082581606,0.864515210622
407802122,0.448744993174,0.111709635251,0.439545371575
1253066540,0.0419693185884,0.00916938991325,0.948861291498
17062660,0.50194038315,0.324097416736,0.173962200114
333606659,0.2804345645,0.250815634318,0.468749801182
487064646,0.275922033705,0.704302931777,0.0197750345186
429788382,0.523703517275,0.0678491653233,0.408447317401
2882622665,0.999233687318,0.000217486854471,0.000548825827464
30463194,0.596366923316,0.16772383806,0.235909238624
1538925134,0.137119072125,0.0589224941221,0.803958433753
555890352,0.518434628038,0.121707774276,0.359857597686
104848816,0.37440765674,0.181080324381,0.44451201888
1182987631,0.469467514904,0.0439617243116,0.486570760785
2478911334,0.0995564855563,0.0272843380374,0.873159176406
282951708,0.848889178161,0.0527605458865,0.098350275952
1263762829,0.00335383785636,0.000235899615019,0.996410262529
296637102,0.347702379775,0.326806949609,0.325490670616
412921057,0.33641769444,0.227711295309,0.435871010251
457923148,0.37254870217,0.228760197578,0.398691100252
191825273,0.278132305049,0.223060793844,0.498806901107
21846975,0.698907061893,0.0963135815001,0.204779356607
2220139286,0.448115199214,0.158940355753,0.392944445033
438094691,0.55398319999,0.0708724153941,0.375144384616
393722972,0.496704603617,0.205203257766,0.298092138617
2998244072,0.268528320049,0.188744871188,0.542726808762
48925499,0.400513145196,0.218094280389,0.381392574415
105626702,0.39128596931,0.133485874361,0.475228156329
348707455,0.226130450486,0.372747257401,0.401122292114
106200168,0.495125741534,0.0456550567284,0.459219201738
930244920,0.826641610317,0.0439579572718,0.129400432411
207030546,0.863794890776,0.0604257274908,0.0757793817328
16608607,0.202589080856,0.302476423525,0.49493449562
3127790381,0.999963044754,2.08388224801e-05,1.61164232024e-05
270649661,0.0949176900526,0.0241548237693,0.880927486178
104172443,0.999999972096,2.11156945043e-08,6.78850236516e-09
277763957,0.532876439294,0.149743723316,0.317379837389
622489198,0.435402465141,0.208262463377,0.356335071482
260821094,3.20778334405e-09,1.73400156757e-08,0.999999979452
2348028603,0.230598259552,0.667736024308,0.10166571614
497074511,0.358286343907,0.0176154164043,0.624098239688
1290241370,0.574568765182,0.0851437609255,0.340287473892
195401981,0.558645965484,0.218708778972,0.222645255544
544836648,0.832002365131,0.0931682141736,0.074829420695
2895435146,0.0658355958296,0.0658082539507,0.86835615022
1945994221,0.973947963276,0.00527120435212,0.0207808323721
2602304664,0.000653231308394,0.000870151541191,0.99847661715
260238601,0.483711646804,0.0678147373765,0.448473615819
375647504,0.581060745714,0.144314568559,0.274624685727
56561976,0.607785375453,0.136519475874,0.255695148673
279210481,0.00127862133789,2.31115346359e-07,0.998721147547
271603259,0.0887700202449,0.0725263931562,0.838703586599
279166266,0.505222025203,0.0781291343733,0.416648840423
52155501,0.18801848795,0.0672383008999,0.74474321115
558788786,0.309671626701,0.090650934338,0.599677438961
305298723,0.924420765137,0.0417225415935,0.0338566932697
232575867,0.170310365365,0.500485558411,0.329204076224
401589009,0.497922783309,0.139670552116,0.362406664575
919910774,0.449627019615,0.173454623785,0.3769183566
375557130,0.434921023154,0.090515418829,0.474563558017
2377338407,0.998922864613,0.00043473218254,0.000642403204094
232720813,0.490572326414,0.119544261446,0.38988341214
928482769,0.410079776393,0.215663559439,0.374256664168
2849226314,0.346778009986,0.126981330015,0.526240659998
606455437,0.932213159178,0.0414696840264,0.026317156796
1104166676,0.453759137526,0.119454830294,0.42678603218
43050088,0.123865511402,0.106456936651,0.769677551947
166318986,0.384696894088,0.373428292353,0.241874813559
44833112,0.414631521638,0.275773873889,0.309594604473
815069562,0.0097652179701,0.00314845438186,0.987086327648
2645557780,0.85250042718,0.062503728272,0.0849958445481
57446265,0.514537411244,0.00599632824829,0.479466260507
21797353,0.392617518076,0.261307389201,0.346075092724
32244073,0.715220749363,0.079478410535,0.205300840102
1314760891,0.514302042192,0.207186089445,0.278511868363
878705106,0.253680405146,0.254279511742,0.492040083112
432060525,0.706325009358,0.0283443519763,0.265330638666
2470676757,0.999892728841,6.86187526295e-05,3.86524067103e-05
325192552,0.89075790913,0.0368322988685,0.0724097920015
92145850,0.388819807545,0.364290372125,0.246889820329
240497352,0.248936199305,0.473221885653,0.277841915043
408291827,0.430017761585,0.109114490893,0.460867747521
227871151,0.548854457758,0.366530624326,0.0846149179154
563321766,0.617775302285,0.110068060011,0.272156637703
1710248791,0.599423619773,0.0772388743485,0.323337505879
111389567,0.449229258955,0.128140710704,0.422630030341
114463526,0.551301548204,0.0193640529523,0.429334398844
146178997,0.301030767004,0.286174071457,0.412795161539
812014232,0.406431344782,0.214752638963,0.378816016255
83337391,0.915629762368,0.027817925735,0.0565523118972
3261494983,0.601681945493,0.0736934917232,0.324624562783
208751566,0.529456567873,0.0482166739618,0.422326758166
1463868234,0.237734317381,0.0363301197467,0.725935562872
20718289,0.0972573092198,0.815942078518,0.0868006122619
1278841489,0.465726079737,0.157646693874,0.376627226388
598465968,0.0288735010268,0.0460909254957,0.925035573478
326298193,0.304993290301,0.178845753442,0.516160956257
23808014,0.93513949137,0.0188546535245,0.0460058551051
2216122155,0.0426455454669,0.00559350143286,0.9517609531
519941604,0.149149749412,0.183705104769,0.667145145818
218926722,0.357133198327,0.111877815991,0.530988985682
745341661,0.98355332111,0.0055693722909,0.0108773065988
564993254,0.231318336391,0.718042469289,0.0506391943194
513125582,0.485584531411,0.0946383558594,0.41977711273
389876078,0.358591866879,0.295947323485,0.345460809636
294358277,0.489777884913,0.136957888501,0.373264226585
519654098,0.552268105337,0.194023553616,0.253708341047
15677489,0.5523660898,0.230623490145,0.217010420055
290604107,0.737604254526,0.0678900397669,0.194505705707
870456121,0.357217276408,0.191326595855,0.451456127738
911623854,0.662327498723,0.0477187182505,0.289953783027
463296602,0.276813764737,0.254022778524,0.46916345674
224258036,0.000139896791353,8.57826838281e-08,0.999860017426
1695094651,0.429497710294,0.180280122273,0.390222167433
241938537,0.387213499537,0.194057401926,0.418729098537
2520972581,0.529439532317,0.0494419824545,0.421118485228
216228588,0.121228070296,0.487495713599,0.391276216105
581811823,1.01372188669e-05,2.3689084274e-06,0.999987493873
92591481,0.323538493892,0.264710338888,0.41175116722
159921779,0.658810370256,0.161278809414,0.17991082033
1618021675,0.479659308151,0.0506355654891,0.46970512636
450035865,0.503750689159,0.364901237115,0.131348073726
1654246074,0.47659560988,0.172561969813,0.350842420307
77180043,0.188702236142,0.0926389290358,0.718658834823
606541788,0.662890780646,0.0855186884387,0.251590530915
333136345,0.548350727508,0.0989218525562,0.352727419936
15348732,0.00494002521414,0.955550670496,0.0395093042895
2903179129,0.200069148347,0.354289523083,0.445641328569
887303622,0.548739999739,0.155935497193,0.295324503068
208675793,0.597381391102,0.310467899615,0.0921507092832
537713946,0.357971282656,0.395734537465,0.246294179878
45984599,0.510835650354,0.0926032362137,0.396561113432
595285279,0.900918425139,0.0467569408917,0.0523246339696
23906462,0.1140421735,0.19321882242,0.692739004081
333362361,0.444971956419,0.335822949546,0.219205094035
77205043,0.0198084801118,2.98282936155e-07,0.980191221605
171845657,0.541767666882,0.149097733785,0.309134599333
1015726766,0.749351534297,0.100566183619,0.150082282084
2365115823,0.998973424471,7.88757052082e-05,0.000947699823983
549620241,0.412422754466,0.297030245556,0.290546999978
2882190019,0.269511280934,0.219034330751,0.511454388315
3023573015,0.763585573359,0.138874298148,0.0975401284931
1889895427,0.953793659068,0.00322180292322,0.0429845380086
504882003,0.229051455795,0.046547565788,0.724400978417
1143587197,0.00406190714122,0.994249565568,0.0016885272903
2540694090,0.107463643202,0.799414351373,0.0931220054257
1123767266,0.999951410259,3.22570344995e-05,1.63327069528e-05
152423331,0.00247881867577,3.56706511167e-06,0.997517614259
44059824,0.568552596171,0.170207408307,0.261239995522
1470564638,0.985716153719,0.0134519426373,0.000831903643355
548388494,0.000258377438239,0.000103626971633,0.99963799559
716089932,0.000791724420785,0.00104121236124,0.998167063218
442156831,0.461086447931,0.346639005001,0.192274547067
75944454,0.272635796105,0.462210164216,0.265154039678
46585002,0.259819722985,0.220645525811,0.519534751205
2227870705,0.344703335412,0.242032610301,0.413264054287
60093953,0.750460363202,0.0702036494054,0.179335987392
618460253,0.0113011099922,0.00144756051,0.987251329498
399376287,0.342449647259,0.0526692322768,0.604881120464
198313713,0.998263798111,1.60173445711e-07,0.00173604171527
553303074,0.434627793356,0.140552156573,0.424820050071
105032433,0.1756964462,0.0925591108418,0.731744442958
1660731014,0.558825055189,0.0845364080816,0.356638536729
78699337,0.430390986277,0.15432893787,0.415280075853
480424708,0.527068046958,0.154311998787,0.318619954255
2585789472,0.997424849753,0.000376477567139,0.00219867268003
17027960,0.709850006448,0.12717778531,0.162972208242
158840612,0.34078067595,0.308929671893,0.350289652157
796922954,0.0858246227781,0.0371507756253,0.877024601597
167135939,0.411661777874,0.28580551554,0.302532706586
62431347,0.0252427867442,0.00431515013347,0.970442063122
26078245,0.304836845883,0.0827926174391,0.612370536678
98306812,0.577606834254,0.17083151584,0.251561649906
313969476,0.500996518379,0.246681230508,0.252322251113
103686392,0.174602768943,0.806666833941,0.0187303971162
113426107,0.877878176918,0.000656672022876,0.121465151059
2234172433,0.999842536813,8.92754012129e-05,6.81877860245e-05
1697361607,0.224805742278,0.577350706391,0.197843551331
162196294,0.408340034912,0.258521632362,0.333138332726
2740290983,0.860687676352,0.0439537339672,0.0953585896812
290162072,0.664911197603,0.10783970789,0.227249094507
136873698,0.581601944021,0.374888912389,0.0435091435898
490016832,0.58059779906,0.133037539361,0.286364661578
15308663,0.365469996583,0.299079457086,0.335450546331
112215858,0.303682661868,0.21277180405,0.483545534082
27837822,0.53144355489,0.122080628888,0.346475816222
299222505,0.560638893044,0.124123270933,0.315237836023
44400949,0.218357603899,0.389303860652,0.392338535449
361542717,0.477001758154,0.221063123981,0.301935117866
828443011,0.97493806542,0.00769744382604,0.0173644907537
320995385,0.999992136848,3.29739167596e-06,4.56575986797e-06
49677012,0.602573757784,0.238032364402,0.159393877815
373737805,0.70506143236,0.0409053231795,0.25403324446
2615622304,0.371787383091,0.294545536041,0.333667080868
1261770158,0.241155445907,0.204462483433,0.55438207066
141705541,0.999265933672,9.40779581088e-10,0.000734065387518
530797632,0.310081229569,0.598358639926,0.0915601305047
20917414,0.284121664978,0.57673868433,0.139139650693
16033231,0.141972908776,0.245446808748,0.612580282476
1142000886,0.987784051692,0.00180302424639,0.0104129240617
268619482,0.000213202384564,2.36953960846e-05,0.999763102219
1897673754,0.321027713898,0.332054945998,0.346917340104
239126665,0.267088681043,0.590353664733,0.142557654225
128707883,0.394348442046,0.204435815086,0.401215742868
20553369,0.340804791399,0.181739864566,0.477455344035
164068234,0.35111193811,0.372210675041,0.276677386849
369182889,0.62379584801,0.20902298005,0.16718117194
121753089,0.34409930637,0.172644326852,0.483256366778
417680355,0.403027768353,0.505548968592,0.091423263055
1023888896,0.665913364542,0.0359808668028,0.298105768655
2295468417,0.571251464916,0.100382678775,0.328365856309
500371984,0.731139591017,0.0633057271889,0.205554681794
38513407,0.294562445388,0.385381385085,0.320056169527
74728613,0.00331663607383,3.51153004464e-06,0.996679852396
840305390,0.37870879072,0.243965608547,0.377325600733
190462595,0.240844788263,0.158723252893,0.600431958845
2274247962,0.862947233091,0.0917412287065,0.0453115382024
1892124200,0.532738784237,0.0501121393864,0.417149076377
457848265,0.1683738467,0.483008689768,0.348617463532
762102211,0.300823277541,0.420515638246,0.278661084213
610296859,0.00996963037741,0.00147751335206,0.988552856271
14273497,0.235795392546,0.0714173799256,0.692787227528
70699023,0.0966347950539,0.0320169517641,0.871348253182
82262165,0.484816424309,0.000671683770709,0.514511891921
563906623,0.302850368418,0.320479003932,0.37667062765
369406642,0.359889572304,0.300098625623,0.340011802073
102765845,0.446999036883,0.0568513097738,0.496149653343
1174797199,0.00349637980455,2.25692468063e-05,0.996481050949
1886062356,0.982206967442,0.00682080098026,0.0109722315782
337878446,0.393243293437,0.322495035492,0.284261671071
19228072,0.109876829112,0.52411547256,0.366007698328
1319415895,0.512579837082,0.231826107865,0.255594055053
3196721034,0.715435757134,0.0561407546049,0.228423488261
1240421221,0.99999758543,1.1575472612e-06,1.25702274353e-06
14464905,0.0757452834793,0.857008124404,0.067246592117
109826714,0.561187411419,0.26737499406,0.171437594521
14254444,0.55437770578,0.112480003506,0.333142290715
1173685621,0.021794577554,0.969817821179,0.00838760126675
245925372,0.606716536507,0.139691351561,0.253592111932
261323811,0.255206031587,0.111973260702,0.632820707711
21465523,0.195238532689,0.502661226737,0.302100240575
349883172,0.995901608142,0.00244441390258,0.00165397795589
1894868797,0.258671486683,0.130452742796,0.610875770521
318894837,0.228271603724,0.0535303635472,0.718198032729
68158908,0.767570180753,0.0637725217138,0.168657297533
1396632422,0.565370729552,0.137547387235,0.297081883213
1263774421,0.025571919401,0.000278745295765,0.974149335303
2683645357,0.997886360711,0.00091944887672,0.00119419041242
17535874,0.436117753969,0.162413053253,0.401469192778
51584875,0.511053917109,0.157219914174,0.331726168718
1369317738,0.304937100508,0.0303855143922,0.6646773851
590682488,0.241897588658,0.247893218981,0.510209192362
337545716,1.25183677876e-05,6.9370921626e-06,0.99998054454
842891640,0.359160498821,0.361621186079,0.279218315099
886035824,0.597855625634,0.127974123729,0.274170250638
564748009,0.395780154256,0.108261567544,0.4959582782
338405134,0.203540561873,0.221662127151,0.574797310976
608751926,0.765386637822,0.219265114057,0.0153482481207
172089929,0.711324721321,0.0935587019953,0.195116576684
15894895,0.902045443523,0.00337367322402,0.0945808832529
1413214116,0.000172022840714,1.40642446697e-07,0.999827836517
49748004,0.477649632513,0.282724648896,0.239625718591
352040117,0.200133895984,0.415267792947,0.384598311069
84793819,0.0610476905045,0.832662395098,0.106289914398
348599833,0.457726068084,0.303143898887,0.239130033029
1560879775,0.153510971543,0.369266633801,0.477222394656
273069036,0.982483199708,0.0108370475311,0.00667975276111
1183585674,0.0585870336272,0.00451048076157,0.936902485611
411703137,0.64920220825,0.0892396454197,0.261558146331
55445406,0.715539094274,0.120026156017,0.164434749709
2735248043,0.998785627478,0.000578808343459,0.000635564178518
597904969,0.00210558363516,0.00133411114667,0.996560305218
3289074299,0.979870722141,0.0176535085862,0.0024757692725
48372027,0.331509732011,0.334286223793,0.334204044196
20873929,0.409544324651,0.37468687811,0.215768797238
60809422,0.38029403811,0.0905219611143,0.529184000775
42246344,0.999053388687,2.05929691565e-09,0.000946609253814
897861770,0.530107773691,0.199772275296,0.270119951013
2692747447,0.87961007939,0.0183821556013,0.102007765009
455413222,0.200746060329,0.726947179658,0.0723067600131
453869428,0.0144314165129,0.00286334748568,0.982705236001
3248410868,0.0356623429917,0.000544858451996,0.963792798556
38768740,0.286923613825,0.12817644223,0.584899943945
22231178,0.184298273085,0.123522516184,0.69217921073
185123246,0.999107343166,4.3203215383e-09,0.000892652514021
240306116,0.924704437968,0.0286604907282,0.0466350713035
820527187,0.634954226225,0.136098771302,0.228947002472
1352706038,1.2653482491e-05,6.02109272135e-07,0.999986744408
15778141,0.342866115353,0.477529248932,0.179604635715
3086369546,0.691484401504,0.0999093217039,0.208606276792
294212020,0.999654278605,0.000246522416066,9.91989787453e-05
100325103,0.445581042791,0.237799220512,0.316619736697
2609089517,0.764404970765,0.129668519926,0.105926509309
423452301,0.215658807962,0.198686232503,0.585654959536
552054565,0.363665363867,0.0223664444862,0.613968191646
223668482,0.477871457488,0.326661044677,0.195467497835
88850446,0.000868216854183,0.000106200176541,0.999025582969
519676787,0.779331195432,0.0670289678234,0.153639836744
1353059370,0.803708274579,0.148982319001,0.0473094064191
59524045,0.0140867001127,0.0100625336418,0.975850766246
338003614,0.537116299623,0.254989078968,0.207894621409
2169538327,0.463680090051,0.10589988612,0.430420023829
780989538,0.265781933594,0.351201142366,0.38301692404
496277783,0.759142835384,0.0345604446683,0.206296719948
119688945,0.252486634761,0.17468504638,0.57282831886
50172851,0.0767945087443,0.0608700876477,0.862335403608
18734826,0.586254089555,0.238560443006,0.175185467439
9804592,0.335684913158,0.25496246516,0.409352621682
349837078,0.303020166879,0.30596416623,0.391015666891
5382722,0.20062998182,0.077541204975,0.721828813205
1358011928,0.230459389885,0.315679760823,0.453860849292
400037066,0.218762246179,0.000132992284824,0.781104761536
69012774,0.480223174816,0.325200360307,0.194576464877
816412230,0.309653194192,0.0113380563968,0.679008749411
291610448,0.477305478904,0.0869715299979,0.435722991098
1216494307,0.354893393844,0.463904031537,0.181202574619
861031928,0.0395377134465,0.0194049168185,0.941057369735
149797759,0.526583704256,0.333894368504,0.13952192724
80849456,0.513455106937,0.241721420626,0.244823472437
98536189,0.492728935503,0.267859525172,0.239411539325
3235858377,0.128029427002,0.0943327630001,0.777637809998
2903935893,0.520220576384,0.265305322207,0.214474101409
580277791,0.884543310431,0.0541864221432,0.0612702674261
579962465,0.133234487281,0.832392941112,0.0343725716062
360878347,0.53909461998,0.300738622169,0.160166757851
115564284,0.145254414199,0.064626481093,0.790119104708
435147685,0.446169282361,0.290401468107,0.263429249532
30820208,0.487931302545,0.195455046709,0.316613650747
2248007610,0.610472753784,0.080792526835,0.308734719381
2842644170,0.434522333443,0.147266228517,0.41821143804
2380288770,0.996088647516,4.42124623551e-05,0.0038671400221
927646027,0.983139217564,0.00136822575424,0.0154925566813
320526302,0.319588076134,0.270810431002,0.409601492864
1132653697,0.4881605732,0.155593869184,0.356245557616
67996364,0.518329277948,0.0407375359839,0.440933186068
81546584,0.496287716702,0.287332219934,0.216380063365
17465671,0.179465674281,0.767924435539,0.0526098901803
761906298,0.228098377084,0.48912415417,0.282777468746
1141488523,0.869436702202,0.0422281961267,0.0883351016713
378114427,0.3050204223,0.0923486372621,0.602630940438
382865184,0.46502205711,0.300955633443,0.234022309447
477375551,0.75834581612,0.0990972714925,0.142556912388
441175398,0.394501462357,0.130244470458,0.475254067186
91816957,0.128841553463,0.0751327779249,0.796025668613
69241207,0.209129567197,0.00531689242162,0.785553540381
3096198240,0.734524232627,0.0791941091586,0.186281658215
1497503275,0.973412178431,0.00473477714259,0.0218530444267
32920510,0.32191983832,0.401353431299,0.276726730382
55281848,0.624152475721,0.127664251154,0.248183273125
112436105,0.0127030335905,0.00803136990541,0.979265596504
342072935,0.177742000342,0.402093905781,0.420164093877
2246396612,0.506046946807,0.144227050243,0.34972600295
219386122,0.735469102106,0.0605838237203,0.203947074174
840057535,0.238935252709,0.402080929014,0.358983818276
447672456,0.333686074143,0.0811005515908,0.585213374266
1043497800,0.0892701247679,0.0376869471691,0.873042928063
422027515,0.26499401732,0.37434820198,0.360657780699
476864302,0.37603506516,0.193319691051,0.430645243789
727382564,0.0843597073851,0.858559962193,0.057080330422
1322255024,0.469375424761,0.143161687368,0.387462887871
1066872096,0.418517374617,0.400574535417,0.180908089966
17725546,0.00314805425219,0.00498354387221,0.991868401876
17881474,0.361888421175,0.144007517694,0.494104061131
593167519,0.998724370241,0.000853426401687,0.000422203356967
761162160,0.397480763056,0.153225254704,0.449293982239
478332761,0.615126905035,0.126319364443,0.258553730522
354617938,0.426603831942,0.145400824936,0.427995343122
6592322,0.103199038399,0.190852817502,0.705948144099
1216524474,0.195613972519,0.673875579635,0.130510447846
3306945902,0.672178750282,0.136280823141,0.191540426576
1239699001,0.999010670544,4.10956872005e-09,0.000989325346139
315064761,0.320313822341,0.396046525917,0.283639651742
1107987799,0.164875782411,0.0308246323907,0.804299585199
26802920,0.212513152754,0.409204983811,0.378281863436
459672657,0.731890408901,0.165207023673,0.102902567426
379772570,0.000124052088955,3.56660958888e-05,0.999840281815
342673259,0.395592558682,0.0133623602341,0.591045081084
178451928,0.27756652434,0.101867938891,0.620565536769
324719378,0.607388306319,0.148973336433,0.243638357248
1401771667,0.591217359252,0.0187183693601,0.390064271388
28363325,0.454373553262,0.158921413965,0.386705032773
281284923,0.622110913438,0.0940872941663,0.283801792396
114869670,0.988364114006,3.37155609309e-06,0.0116325144379
353553221,0.510587113889,0.13355058991,0.355862296201
1278796268,0.188547923813,0.14336547538,0.668086600807
35910692,0.172373434982,0.149769984752,0.677856580266
3035382682,0.455099903726,0.119342825464,0.42555727081
953040954,0.514967726152,0.2542918497,0.230740424148
300465643,0.999828472322,0.000116493789097,5.50338884368e-05
38720376,0.0641330232484,0.935664291033,0.000202685719046
46384811,0.0212004278428,0.00292364198608,0.975875930171
1243189698,0.435581778349,0.176567663334,0.387850558317
601495500,0.322665424058,0.34076631313,0.336568262812
2470188804,0.9999986208,7.77908111798e-07,6.01291944582e-07
74221495,0.669525832929,0.203360887659,0.127113279412
313703980,0.313755934925,0.541034047528,0.145210017547
1018289748,0.398844750698,0.0114755465662,0.589679702736
234483788,0.082412197302,0.0169147919784,0.90067301072
205839617,0.39111357665,0.144467958075,0.464418465275
306627095,0.0599680135811,0.0959272515985,0.84410473482
406117645,0.954053795223,0.00561722789929,0.0403289768778
17143502,0.616294171824,0.296003760573,0.0877020676025
2445658069,0.975959191143,0.0133154961623,0.0107253126949
436965579,0.410307489014,0.339029111624,0.250663399361
1971753667,0.142092799774,0.0514995418717,0.806407658354
264201559,0.243056680758,0.513671599995,0.243271719247
224651702,0.084784993025,0.0429088998799,0.872306107095
950597779,0.499325503216,0.0613169754116,0.439357521373
2543503969,0.917402809635,0.018955693151,0.0636414972136
2990247307,0.677459958075,0.0124516394147,0.31008840251
68932763,0.738901899393,0.033083964997,0.22801413561
16731518,0.353251846639,0.255896683649,0.390851469711
20969357,0.231979053367,0.335680476676,0.432340469957
38047866,0.79435732549,0.0734246693757,0.132218005134
306450414,0.132555890671,0.351758419456,0.515685689873
2875861705,0.999885104455,7.39680470842e-05,4.09274974684e-05
241769866,0.204067684309,0.51842254049,0.277509775201
259724812,0.394064920779,0.0737500220612,0.53218505716
284100734,0.816837530521,0.0208966433988,0.16226582608
848169949,0.151395750865,0.0677647859978,0.780839463138
473976834,0.578827601501,0.123746815464,0.297425583035
1532720162,0.00691537774988,0.00226024053306,0.990824381717
30854332,0.0901611246423,0.740653217104,0.169185658253
356788365,0.0415509133434,0.00720779372444,0.951241292932
2588628583,0.999999995598,3.4796791671e-09,9.22004334895e-10
14123432,0.450427664818,0.30368495201,0.245887383172
601063652,0.430669212831,0.0235987700014,0.545732017168
2432002884,0.492344391286,0.272729825509,0.234925783205
2155301443,0.0654325638516,0.000573431867997,0.93399400428
300313283,0.325453699754,0.109299467804,0.565246832442
162693737,0.555583111633,0.026136058123,0.418280830244
282361098,0.390936001712,0.0950519399911,0.514012058297
10718422,0.528616973683,0.357730448168,0.113652578149
310678856,0.746357311464,0.112539307665,0.141103380871
95970544,0.0268382441405,0.0118975253237,0.961264230536
1947195025,0.380463759368,0.319929384642,0.29960685599
539051786,0.336696807047,0.0261763102212,0.637126882731
30649886,0.285925755552,0.211391390135,0.502682854313
263081300,0.995863443937,0.00110006844543,0.00303648761803
15209180,0.241063213519,0.245102727274,0.513834059207
2411481877,0.360691309139,0.440158045093,0.199150645768
146589220,0.987761735501,7.14412926097e-07,0.012237550086
107767973,0.239166416399,0.0640163342994,0.696817249302
16860787,0.894504772767,0.0130394149297,0.0924558123033
172231462,0.107046394128,0.0381253269646,0.854828278908
120547279,2.87799724029e-05,1.84736960732e-06,0.999969372658
475579179,0.590114227306,0.208271195024,0.20161457767
28158963,0.68710301461,0.0681367722088,0.244760213181
349537892,0.633149649398,0.0214604436399,0.345389906962
1596465696,0.4087891656,0.0429557285587,0.548255105842
21975143,0.230166113851,0.589926268522,0.179907617627
171838848,0.288311707882,0.100842083757,0.610846208361
2400685317,0.999927365645,4.63461329135e-05,2.62882221906e-05
2171095269,0.144781740301,0.148077120068,0.707141139631
881347560,0.279194233122,0.327115086974,0.393690679904
171388175,0.550120054676,0.164689872301,0.285190073024
1668803455,0.371407375513,0.301951498516,0.326641125972
24627189,0.143593147628,0.659348423095,0.197058429277
25922740,0.469055216146,0.166189136053,0.364755647801
20070486,0.230867763151,0.0213298421928,0.747802394656
189812865,0.655592275165,0.0670570114045,0.277350713431
268097454,0.138581219206,0.66919053833,0.192228242464
17583722,0.878259494022,0.0434088284916,0.0783316774862
356783380,0.423125845804,0.322799600153,0.254074554042
297042642,0.999998017732,1.42895178089e-06,5.53315917127e-07
1387368541,0.409691952019,0.111065352878,0.479242695103
620233767,0.964637155469,0.012849070281,0.0225137742498
34824260,0.158060767961,0.42926576937,0.41267346267
38520375,0.840553992839,0.0615395084808,0.0979064986802
21278298,0.0442138184222,0.327522701059,0.628263480519
741812581,0.567159417588,0.126808652361,0.306031930051
193517009,0.47577873603,0.225414791468,0.298806472503
69854243,0.871122657221,0.0184365261123,0.110440816667
590859394,0.439771623153,0.333987273103,0.226241103744
2470788182,0.265472628648,0.257340708659,0.477186662693
414182186,0.461622000884,0.0543194438049,0.484058555312
2189067721,0.576747553239,0.0933629664077,0.329889480353
626267906,0.273644976468,0.319244734837,0.407110288694
19926765,0.690805821369,0.0894785965061,0.219715582124
195956833,0.235120703375,0.0900452739418,0.674834022683
1917455539,0.566417016768,0.0602624056776,0.373320577555
2916830933,0.657636137886,0.122534315768,0.219829546347
319851304,0.74426448006,0.123822013837,0.131913506103
56635187,0.5315841477,0.116478774515,0.351937077785
2299217627,0.999180963994,0.000631957977597,0.000187078028397
69449008,0.402581246147,0.28127151688,0.316147236973
3033313161,0.485559510482,0.0682659706731,0.446174518845
277162182,5.82466141412e-06,1.50529960498e-05,0.999979122343
54076052,0.463291750677,0.000988863169953,0.535719386153
1213727731,0.248436819933,0.110120391468,0.641442788599
1263937254,0.00300106537643,0.000390099792143,0.996608834831
1080592752,0.378926945253,0.106861892103,0.514211162644
14959880,0.436178514774,0.0726391408601,0.491182344366
310510811,0.125966424764,0.00905436510046,0.864979210135
177155900,0.249874391448,0.0535550458542,0.696570562698
23319586,0.47345643106,0.194083218404,0.332460350536
47643884,0.221951943666,0.139984043779,0.638064012555
418724925,0.21587557006,0.273545954576,0.510578475364
826680667,0.463070700008,0.29128947737,0.245639822622
123416490,0.250252850675,0.0559793903456,0.693767758979
107906089,0.568054085709,0.137102333928,0.294843580364
3234173488,0.999997082359,2.0336007547e-06,8.84040333724e-07
24858771,0.675823695538,0.0652535349302,0.258922769532
488761789,0.281240844688,0.162871176279,0.555887979032
1382462976,0.0285402728458,0.00106369988792,0.970396027266
18595736,0.267401191248,0.190996457622,0.541602351131
134991102,0.567741660291,0.17942971465,0.252828625059
2340946724,0.68618863437,0.0958809682156,0.217930397414
942620988,0.999996185378,2.76829583166e-07,3.53779260436e-06
171576543,0.173980772108,0.232259972526,0.593759255366
60462753,0.220959267918,0.24910854838,0.529932183702
2962622859,0.440239086404,0.176757861105,0.383003052491
1182258716,0.488167352267,0.247096225099,0.264736422635
18464430,0.276302369805,0.380591672234,0.343105957961
