twitter_id,is_1,is_2,is_3
242026007,0.05068756912115287,0.11536042418747648,0.8339520066913707
176604365,0.021044878044415724,0.1857342813330983,0.7932208406224859
14316217,0.7149554120438251,0.09449028846346677,0.19055429949270808
385041054,0.5484408101926881,0.05813971223982388,0.393419477567488
56769915,0.24576516212138252,0.46419291271005614,0.2900419251685615
1067010750,0.33995623551311327,0.571257550226706,0.08878621426018073
518734298,0.49542699864018513,0.29956741926923613,0.20500558209057856
294290268,0.08913669356195525,0.7558003611178513,0.15506294532019338
302447244,0.42262679729514074,0.534348968763271,0.04302423394158816
784434091,0.5782266372435797,0.1164798948403331,0.30529346791608714
404617100,0.3992024001031397,0.4196861364285976,0.1811114634682627
124285778,0.007373668895685034,0.8925929767895153,0.10003335431479966
249136400,0.058542689170350916,0.655109006218546,0.286348304611103
20728561,0.011168974060649416,0.2873684828488063,0.7014625430905442
1715817996,0.2921533123322087,0.3151928454997142,0.392653842168077
338405134,0.09780894202635297,0.6170638267399886,0.2851272312336584
61740711,0.1307513986014831,0.7640048067418874,0.10524379465662945
233723075,0.45318827927884153,0.07726476931495818,0.46954695140620034
1473917220,0.39521179496695635,0.04731073239509478,0.557477472637949
368503029,0.05534784120582769,0.8192107116652481,0.12544144712892424
805030262,0.05575444012047114,0.369507192037294,0.574738367842235
176919755,0.5696389927033443,0.10032706479409675,0.3300339425025589
38183186,0.3998010576735329,0.334647371631027,0.2655515706954401
94028116,0.12756410394719264,0.31148654302166956,0.5609493530311378
21301620,0.47174167743874,0.2868387421879166,0.24141958037334332
710972304,0.6587421581275312,0.15793116120817033,0.18332668066429833
576427667,0.18744013646208083,0.6006900348170752,0.21186982872084392
1241201784,0.14526317701535238,0.7397111554330994,0.11502566755154822
604885705,0.3867840476601653,0.14050620403883166,0.47270974830100304
66430214,0.4740466347302496,0.25241582039720395,0.2735375448725464
309975621,0.429214080732134,0.2501610966987957,0.32062482256907027
185123246,0.03129639031795851,0.3341970958393313,0.6345065138427102
38343267,0.5677666677532734,0.4077249569461772,0.024508375300549244
2400743929,0.01930213482890888,0.4714829522123801,0.509214912958711
56635187,0.00863339834964393,0.2335961788189308,0.7577704228314253
1332038394,0.01738130420837217,0.5059791195149188,0.47663957627670905
190658970,0.16068606890216147,0.06472908332600938,0.7745848477718291
544621147,0.3323848811448079,0.5629140459399847,0.1047010729152074
2574009575,0.04906298580896973,0.13618913818461087,0.8147478760064194
76188937,0.5446950379339596,0.23574255909550748,0.21956240297053295
1519440600,0.1628487712399927,0.4687100821267916,0.36844114663321575
38606080,0.7406149079309549,0.1345024969209678,0.12488259514807741
59844705,0.10000143436582316,0.2544822296199751,0.6455163360142017
704858149,0.8232133780666799,0.10389113448199525,0.07289548745132486
24775400,0.4778982073073218,0.28058684593113287,0.24151494676154547
59217300,0.11673405394169263,0.3566483474904216,0.5266175985678857
219120088,0.021930730226385076,0.9095181126602222,0.06855115711339256
80871500,0.6013749493759453,0.07704791776052748,0.32157713286352724
1882475402,0.4607944445867249,0.31918429096774026,0.2200212644455349
1463868234,0.028573323855009245,0.6566674954533422,0.31475918069164854
2431096612,0.1732445814851213,0.611650695518908,0.21510472299597064
183274698,0.26914585381883477,0.18118403074102285,0.5496701154401423
204705485,0.19647375357760255,0.33490220980710256,0.4686240366152949
2268594439,0.2792463828581143,0.35523947111506154,0.36551414602682414
138174851,0.1628744831511109,0.11613187751567665,0.7209936393332125
812148396,0.49179124587453044,0.32026644102335927,0.1879423131021104
421202232,0.06547224771756989,0.36444914020461944,0.5700786120778107
469828435,0.2619854306649713,0.7065201187131054,0.0314944506219232
2189067721,0.788344898487358,0.10189944737763931,0.10975565413500266
58191203,0.04997854150090359,0.16580718919802792,0.7842142693010684
88615862,0.4335201268166369,0.5289677947664765,0.03751207841688678
2236011502,0.5838007779065943,0.3610173948904924,0.05518182720291312
353992921,0.010328189246138271,0.12734710009312103,0.8623247106607407
829820030,0.7808093918535692,0.11305460437021511,0.10613600377621561
15321741,0.02262095667204606,0.7733070717728576,0.20407197155509635
496277783,0.5546657555043406,0.2941370329855517,0.15119721151010773
110728313,0.4766852682052994,0.11740533128258615,0.40590940051211444
1539172590,0.9721447342092486,0.0019475758235656384,0.025907689967185635
268824706,0.07865617310846235,0.010781201583988003,0.9105626253075496
55460169,0.22219586029298283,0.6936933848523525,0.08411075485466461
785518381,0.10652183075839709,0.07557475690671105,0.8179034123348917
279758289,0.0025431200628815314,0.7395500933075642,0.25790678662955424
2731065511,0.17037337239063685,0.2807334185543714,0.5488932090549917
436385565,0.3442933153911072,0.5401386116407968,0.11556807296809601
14476095,0.2286511209397453,0.18770563949488497,0.5836432395653697
109085305,0.23883173067173719,0.5337100783465598,0.22745819098170295
1870332475,0.2735868314965245,0.09534867165567909,0.6310644968477964
62321760,0.33522646520426996,0.22828139900776662,0.4364921357879634
39571762,0.38074296008132164,0.4948757742001695,0.12438126571850891
75629204,0.14863714662518274,0.7920320351564022,0.059330818218415134
960632666,0.5585927100490948,0.10101388282821983,0.34039340712268534
103981165,0.6637446581452716,0.30183107336418047,0.034424268490548
1526217042,0.31888163783508167,0.119647154490425,0.5614712076744934
534737346,0.44768832608510817,0.1704827027645281,0.3818289711503637
16475654,0.5470499396361381,0.27540342153634717,0.17754663882751479
2292747536,0.2931210541418981,0.13863541884869737,0.5682435270094046
533610876,0.4921532846731112,0.338283747322912,0.16956296800397677
84098776,0.43989245425802787,0.2710844571912603,0.2890230885507118
300385517,0.4011780059744033,0.30410549891119165,0.294716495114405
116180625,0.297895462993804,0.5930562887014705,0.10904824830472562
3179776849,0.12631270800132116,0.5254436399744297,0.3482436520242492
207606115,0.5440192473276787,0.24896253225580053,0.20701822041652074
42400741,0.7063144644493291,0.036692277209068945,0.25699325834160197
268603681,0.06379500430147254,0.92423078078587,0.011974214912657469
39291061,0.4750283534371139,0.1916751758009948,0.3332964707618912
132929377,0.21942444338011968,0.15159647626340966,0.6289790803564705
3233402826,0.08676191168833096,0.6929947081784227,0.22024338013324618
1532787631,0.3440035283042926,0.053586934379359207,0.602409537316348
82676243,0.021609699173043315,0.8707586856226965,0.10763161520426012
408094420,0.8935690343983836,0.05254795668136674,0.05388300892024978
394218192,0.045917955651823945,0.6914080208459171,0.26267402350225894
77735242,0.005363475954203455,0.6962431735472923,0.29839335049850424
776222984,0.17695835865501172,0.7778498782060518,0.045191763138936414
30589305,0.4321662126760606,0.28726072977760214,0.2805730575463372
380441843,0.060151886245848885,0.5281203915480088,0.41172772220614234
284628529,0.21900363035907225,0.47755220002603405,0.30344416961489357
62588179,0.5864211797982328,0.2474945079567496,0.16608431224501763
407390305,0.530597091790991,0.4073119998453654,0.06209090836364355
70513635,0.36251968574508064,0.3350788473944341,0.3024014668604852
1726849190,0.3169380184827754,0.5489231853206494,0.1341387961965753
301763172,0.3879192240658368,0.32037743416886166,0.2917033417653016
26861998,0.15800847996315795,0.4618579449082163,0.3801335751286256
261574715,0.14960166856868992,0.26776507214785705,0.582633259283453
187256615,0.009593569128137873,0.5302913237444569,0.4601151071274054
160626439,0.8450467289482,0.12204427471903351,0.03290899633276652
860046392,0.15804533014879005,0.06046117951174559,0.7814934903394644
2604037674,0.10933331120026442,0.2960916207645327,0.5945750680352028
39872785,0.7478188159214183,0.10063126575653,0.15154991832205167
1267615524,0.06400675615830327,0.6907410636942394,0.24525218014745728
884952750,0.31287805884176945,0.0988653101156886,0.5882566310425419
30345318,0.060605685296724415,0.3030318837603052,0.6363624309429704
17881474,0.6036758094736533,0.22516680846858447,0.17115738205776218
14303598,0.3487556656888851,0.6318427274595554,0.01940160685155949
980994937,0.03500404541306864,0.6460546199494122,0.3189413346375193
869235343,0.25737202376346763,0.08643125253859436,0.6561967236979379
130661491,0.16376337376392067,0.11150953216605689,0.7247270940700224
1551488995,0.640207407147451,0.18695308699047694,0.17283950586207206
1380017274,0.08320572577880955,0.556473702404341,0.36032057181684934
450035865,0.30931478800603557,0.1470194211794927,0.5436657908144717
163546149,0.20257550132878163,0.6969451774872241,0.1004793211839942
2329451978,0.7377161561512897,0.026656327420531787,0.23562751642817847
1034726437,0.4492137572317802,0.21262170036429,0.33816454240392985
342072935,0.0664781494728324,0.4101497700096155,0.5233720805175521
740683436,0.4439598160106893,0.15952002735288373,0.396520156636427
65142798,0.17028918742387344,0.11393084166529792,0.7157799709108287
231788733,0.560034246143652,0.23184848709844585,0.2081172667579022
380553650,0.016563931912894087,0.08442564424032346,0.8990104238467824
934662558,0.6885018453464193,0.02685484342905493,0.28464331122452574
2327300363,0.5567211822853633,0.04660669448856703,0.39667212322606954
17493139,0.6478267475416168,0.2400928884563443,0.11208036400203887
17865499,0.008977032279781968,0.645031894385554,0.34599107333466417
2615622304,0.34019321311884637,0.09015532029255496,0.5696514665885987
503483021,0.13379077253168706,0.4649548642960136,0.40125436317229934
21828489,0.1694678359771046,0.19318481076644323,0.6373473532564523
344298607,0.01419795238139585,0.5311468085550081,0.4546552390635962
40202461,0.19512146068305197,0.2931120731692117,0.5117664661477364
394447766,0.10552212551566001,0.3061288771436573,0.5883489973406827
18092044,0.29094312753877477,0.5456861434385584,0.16337072902266683
2295468417,0.2441368433828358,0.056685554794949786,0.6991776018222143
383682555,0.5662810889461739,0.1619428068478469,0.2717761042059792
1390466760,0.14096782409696496,0.8010649938453246,0.05796718205771048
452493687,0.07610896680427272,0.758310225380679,0.1655808078150483
3230057228,0.2962356302551764,0.1425718201525301,0.5611925495922935
1188675678,0.03631571161883959,0.04410999869058979,0.9195742896905706
383585057,0.0242420311976635,0.3287234497242429,0.6470345190780935
374653939,0.3540756165412622,0.2157498735512756,0.43017450990746225
1260422226,0.8061784507871093,0.0753470907369178,0.118474458475973
588741958,0.3103503541631955,0.26455726826153353,0.42509237757527096
1962956322,0.7175248053604235,0.11606255082831674,0.1664126438112598
158560947,0.07893172040598795,0.4719636579571284,0.4491046216368836
23047428,0.6738595854624195,0.21538032747109165,0.1107600870664888
354617938,0.24896663495130264,0.03024607988813729,0.7207872851605602
16566352,0.017466617315326574,0.03572210835031329,0.9468112743343602
310645643,0.1746619134199976,0.2127922113582897,0.6125458752217128
30733336,0.5359169562271072,0.0890927646622301,0.37499027911066274
792557504,0.22457101866884638,0.322194440449968,0.45323454088118553
291386744,0.2042426318212419,0.5028649653033589,0.2928924028753994
446482934,0.5025056162313405,0.07919424749862146,0.4183001362700381
25662536,0.9210920190076464,0.00024539373744217097,0.07866258725491133
20631002,0.28592210417561936,0.07035928775741836,0.6437186080669624
20960764,0.6727167165489565,0.09722982459309173,0.2300534588579518
17864270,0.07217033729474455,0.7413205990603526,0.18650906364490275
7329712,0.35313526356109354,0.2560607043459477,0.3908040320929587
838534908,0.21648001731474115,0.45104454760382295,0.332475435081436
409079398,0.46971101732630055,0.18391962406411722,0.34636935860958223
2540694090,0.07420406300460297,0.03231476234833166,0.8934811746470654
2564574447,0.13404506811915437,0.3887003681306407,0.47725456375020503
611068789,0.32143342632346783,0.5151539098127375,0.1634126638637947
360268721,0.04388864022933814,0.19296686121245213,0.7631444985582099
120547279,0.24219762820460544,0.48416904640798275,0.2736333253874117
4997171,0.5834080672524533,0.021419148506967606,0.39517278424057917
2869546000,0.15858168301610484,0.17648807624014756,0.6649302407437476
24379565,0.5577925104102113,0.3258657741206547,0.11634171546913401
130813679,0.17239595970340374,0.3159232616113707,0.5116807786852255
595742019,0.5217144180791204,0.3245352126324288,0.15375036928845073
1328030778,0.4559968174185195,0.14473897535110095,0.3992642072303794
374378254,0.3684233366876305,0.013304477195792292,0.6182721861165771
581290989,0.42095109075663256,0.15617592005826578,0.42287298918510163
41906124,0.3703658239547527,0.10926100133760194,0.5203731747076453
177898719,0.178896274590812,0.11986742260056081,0.7012363028086273
610924483,0.7889344620720694,0.010220928046854526,0.200844609881076
473204360,0.46160495848064403,0.34782527001461855,0.1905697715047374
48270520,0.4020137951384016,0.26574830669564675,0.33223789816595173
185266607,0.05821450139391147,0.8909127592571144,0.05087273934897404
71140925,0.08575481646069268,0.8795123266996598,0.034732856839647455
185029413,0.30178476486428546,0.2093558027344031,0.48885943240131147
2801206727,0.28710389398758174,0.29489242042661185,0.4180036855858064
164079372,0.4043452535664816,0.5813837151062785,0.01427103132723991
20070486,0.014233494940344654,0.5167817436027338,0.4689847614569215
402962544,0.20590825326509485,0.015744155509296035,0.778347591225609
1215872760,0.13663045154503853,0.27830305979844605,0.5850664886565154
2844307474,0.27219684831965874,0.3205466424354783,0.407256509244863
384125840,0.022897209869951907,0.49030637802670646,0.4867964121033416
222694940,0.015181431100941037,0.7613999839622936,0.2234185849367653
304293750,0.15161420878044246,0.6289590349945418,0.21942675622501565
935257842,0.06569667686200456,0.5794786039480863,0.35482471918990915
159960489,0.08951779958476463,0.6256998724227667,0.2847823279924688
289055656,0.4730062090103378,0.298263315105361,0.2287304758843012
1087638127,0.07645295853784809,0.660763396342469,0.262783645119683
617597272,0.8404496760408031,0.09503062716959522,0.06451969678960179
331256374,0.2044271943538887,0.12379291131017855,0.6717798943359328
2588628583,0.06863540630978691,0.8236620138069459,0.10770257988326723
39539496,0.011475158008906491,0.3399830736062887,0.6485417683848047
195956833,0.8463259744344018,0.014148637524423439,0.13952538804117476
129537407,0.43439883383779293,0.5152685694158691,0.05033259674633782
2481016046,0.3821289074224285,0.048834016845657136,0.5690370757319144
2335847797,0.1001016923632196,0.5248897396100308,0.37500856802674964
1442234557,0.2835072857012739,0.09430395775917172,0.6221887565395543
164829189,0.28170483233111254,0.06345311879946593,0.6548420488694215
129876810,0.2697866912572166,0.11231107244008509,0.6179022363026984
1061095459,0.52731506400184,0.2338269905415538,0.2388579454566063
215069128,0.44710301480654907,0.02360262469843666,0.5292943604950143
541740701,0.34537006553089694,0.42716955894635533,0.22746037552274775
26313601,0.5828595109650339,0.2301962498499925,0.1869442391849737
459917111,0.6354234721207755,0.0394696123361036,0.32510691554312077
165890832,0.014855325762001713,0.6569328345412221,0.32821183969677636
50956758,0.14847768131286074,0.22750550811071354,0.6240168105764258
249787843,0.19112362313954612,0.7196519495241008,0.08922442733635313
194941815,0.3690812254112608,0.022220057633189336,0.6086987169555499
709661670,0.22790345832468803,0.5752528442070816,0.1968436974682304
47132142,0.643222076480621,0.1614098691529504,0.19536805436642846
336362557,0.35430215895250394,0.3070054803960283,0.3386923606514677
277596663,0.6703972947028649,0.31499006933059126,0.014612635966543752
301675034,0.3553692919618542,0.43785891684216255,0.20677179119598332
124333418,0.01047620234261153,0.06443227434668557,0.925091523310703
593121746,0.34399397420776734,0.5487857852257907,0.10722024056644204
1559609688,0.3874022289507301,0.59923913608474,0.013358634964530037
46384811,0.3554847922974014,0.42781045167166576,0.21670475603093295
2946296001,0.1672432343884082,0.7841056257399817,0.04865113987160997
606281058,0.7126152521844494,0.243117910491929,0.044266837323621515
25895459,0.061334573647249604,0.4884000462878399,0.4502653800649105
533055709,0.34536180923662485,0.3990553003822719,0.2555828903811032
274186593,0.985400694461188,0.013989154986443821,0.0006101505523680537
1389481482,0.20890722325204758,0.018689216645680233,0.7724035601022721
311511819,0.6314554857436129,0.14910337657049033,0.21944113768589685
461992213,0.31614197921863696,0.2971098728734138,0.38674814790794926
173909949,0.2577497693133674,0.255416335271903,0.4868338954147297
357603113,0.6454936684201944,0.14698212063162575,0.20752421094817983
743936714,0.18141695614562825,0.4850151678470356,0.3335678760073361
44059824,0.4891866214599741,0.007882346378531293,0.5029310321614946
135611199,0.3201989956825852,0.14306924662933793,0.5367317576880769
621020934,0.20672812116395906,0.5890480158766163,0.20422386295942474
1733465466,0.14155410082210051,0.5594235841107206,0.2990223150671788
24428045,0.32866117479662327,0.5302629358625456,0.14107588934083132
963534151,0.42874491872276477,0.2050117424832419,0.36624333879399334
617128781,0.20962717614148002,0.2663943883377788,0.5239784355207412
266613166,0.4125774859471451,0.4345627498777421,0.15285976417511257
1164864048,0.37838542315165596,0.14571720027240295,0.475897376575941
2897561757,0.48896207794275137,0.18381525316361755,0.32722266889363105
1195459464,0.6309125058657161,0.13888488880704497,0.230202605327239
158913942,0.5816883397290217,0.18939005824909266,0.22892160202188563
359041622,0.03140793510743244,0.7864796109061818,0.18211245398638587
35619012,0.2819039485196992,0.11925379339483241,0.5988422580854684
38996347,0.2632362554176336,0.20183676030862838,0.5349269842737381
2495189736,0.6250476267140102,0.12148413035633115,0.25346824292965864
478097632,0.042694133376064716,0.8303489189098687,0.12695694771406663
454808444,0.12194447630093704,0.2698548101792582,0.6082007135198049
76669425,0.021339099413515788,0.4951473595050203,0.48351354108146377
229311599,0.40714299150585087,0.5253355817204169,0.06752142677373223
531889121,0.08379492590852008,0.4300930231981562,0.48611205089332366
235966838,0.3551099840350554,0.571068280995502,0.07382173496944255
2589954120,0.19425955115456542,0.6208946123516232,0.18484583649381117
42473109,0.833732782064655,0.08389313934743388,0.08237407858791117
143365026,0.08459071911213252,0.19710043074918607,0.7183088501386814
40141102,0.1968483229194738,0.07818361620371593,0.7249680608768102
68872571,0.2797694065605165,0.20131853328739666,0.5189120601520869
343159313,0.0006976214303819389,0.6546582360609443,0.3446441425086737
428090962,0.42681717470423247,0.09356758134389509,0.4796152439518723
27580081,0.04005315511576547,0.3730436854088133,0.5869031594754212
26181463,0.8417897493214042,0.030142575764114485,0.12806767491448148
2842644170,0.10374954266263213,0.2994685914931807,0.5967818658441872
393025841,0.2220193252131079,0.02985964407710087,0.7481210307097912
588948928,0.8004260743565711,0.19191187250223238,0.007662053141196586
1658559265,0.42095996195566304,0.04145165512870212,0.5375883829156349
26071399,0.6959652432469936,0.2916105515040955,0.012424205248910837
475208987,0.2723511162367649,0.5173047595365405,0.2103441242266946
16393498,0.5632792332588997,0.38820442866990007,0.04851633807120002
18601763,0.5532111029414749,0.23892581039434102,0.2078630866641841
1101116413,0.29651533682951153,0.42407795788579533,0.2794067052846932
964766047,0.4804914425310884,0.045920810983501224,0.47358774648541047
268097454,0.08989680789753661,0.2876610113967494,0.6224421807057141
419850311,0.11523508710847484,0.7757365619657872,0.10902835092573802
1674269508,0.4341565844609438,0.16764093758884882,0.39820247795020736
244505675,0.05166244948994563,0.7842156821323122,0.16412186837774226
69505787,0.09480035988048051,0.44814136006782,0.4570582800516995
568954271,0.256580041078946,0.13339791640091664,0.6100220425201373
459672657,0.319099938754966,0.15568917234881446,0.5252108888962196
252229372,0.6029021438146037,0.0712362226219048,0.3258616335634915
14464905,0.05648663044055261,0.6812955420014127,0.2622178275580347
98306812,0.40315042741217083,0.4928703614994545,0.1039792110883746
116052416,0.3982973843616591,0.5801580311981845,0.021544584440156344
745916221,0.15672310381337334,0.6475818305736611,0.19569506561296549
156366771,0.920146192266808,0.011393644087749418,0.06846016364544236
942364632,0.02763471338461162,0.8275192059286417,0.14484608068674673
197899135,0.022137055351313727,0.35649898413793707,0.621363960510749
2659368319,0.09824676372252963,0.7087329376898241,0.1930202985876462
1084064438,0.055554963483545224,0.7391839594230849,0.20526107709336977
1919945088,0.12556095105135992,0.18100780440483594,0.6934312445438042
267425068,0.27793995245689784,0.7189643016501619,0.0030957458929402517
12488622,0.03247513039339835,0.722212838103984,0.2453120315026176
18764153,0.6504742510042929,0.3032530443451571,0.04627270465054994
28657969,0.5113905787108352,0.4036325629454212,0.08497685834374362
123416490,0.03533658465944948,0.4965790860853809,0.4680843292551696
1285821559,0.24208332550808376,0.46104987213213094,0.2968668023597854
767949721,0.4047000304182125,0.17579285498362351,0.4195071145981641
1917455539,0.3625979474036733,0.39926991544064006,0.23813213715568674
240113603,0.02772083552385688,0.6823497076008662,0.2899294568752769
317410347,0.603953200448857,0.14350314051260277,0.25254365903854026
83229266,0.1925591396967557,0.6160067049582139,0.1914341553450304
107008599,0.9478516869551554,0.0348853722684122,0.01726294077643242
1278265794,0.0009916540696052738,0.5059522308549965,0.493056115075398
153425839,0.5902420312231085,0.40183885283484144,0.007919115942050251
928482769,0.08549900811556016,0.192984534955623,0.7215164569288168
311219239,0.41556184336605145,0.4562094674199645,0.12822868921398412
1697361607,0.20592752422683677,0.21747883849935715,0.576593637273806
2549013751,0.4943709945081676,0.3132435673500549,0.19238543814177744
59806742,0.22505487603391952,0.18863464246378958,0.5863104815022909
82172914,0.9746433674709898,0.009179994949612028,0.01617663757939825
389689460,0.21434352100231605,0.026476568382558525,0.7591799106151255
360465834,0.1758300134253986,0.7908824419806845,0.03328754459391709
948852698,0.2804239583433855,0.4755183190304644,0.24405772262615022
17188057,0.8680845802222512,0.003195828663614889,0.12871959111413378
614927580,0.2617858957660509,0.5057717858458399,0.2324423183881091
886035824,0.14473532995841004,0.5015954349862749,0.35366923505531506
122914822,0.5732998479527078,0.19013749846183434,0.23656265358545792
108465925,0.0433700631450774,0.4815146110222769,0.47511532583264576
295355360,0.22033971745026035,0.5449144022836455,0.23474588026609416
1203163652,0.27917905042593566,0.13013300001059225,0.590687949563472
91868862,0.0027817356780246894,0.9465822778230907,0.0506359864988846
414335256,0.3086539903493344,0.08087250495327367,0.6104735046973919
451401657,0.5291012934082934,0.3048982658161854,0.16600044077552104
338635490,0.07880683722377729,0.4558826796564751,0.46531048311974743
292814234,0.031127905362956846,0.13854560828566845,0.8303264863513747
38047866,0.017406608007440143,0.8773808318891411,0.10521256010341892
600475463,0.8338462583225035,0.08670406958079928,0.07944967209669719
230501683,0.09254589424817196,0.7682718935793467,0.13918221217248133
981401786,0.3343256771417882,0.26296094890656724,0.4027133739516447
2373022621,0.08305760774886918,0.7153553101109069,0.20158708214022383
354390259,0.16217205343006072,0.7851150556721234,0.05271289089781588
27757609,0.1836437469415622,0.7679938376832275,0.048362415375210244
435526795,0.8188887886357592,0.1515462049617563,0.029565006402484537
555614721,0.06973232422076732,0.7102717703131618,0.21999590546607076
381730387,0.3304542542874434,0.1169244828391723,0.5526212628733843
2228668501,0.16410170410482944,0.07810706445546015,0.7577912314397103
121753089,0.21251551005965202,0.5076751328490253,0.27980935709132265
381589533,0.856535018458541,0.018401145986052046,0.12506383555540698
449540895,0.6495499200941057,0.06708016507119696,0.2833699148346974
539549891,0.33776172902015633,0.014868593992163417,0.6473696769876802
554287867,0.17352426350028108,0.031740098518527625,0.7947356379811913
124533484,0.09892962619405142,0.30339340551619043,0.5976769682897581
38671739,0.3259609224314113,0.022693569061336655,0.6513455085072521
353619130,0.36734868891636663,0.4844558984172838,0.14819541266634945
9830952,0.14050486838489173,0.46393109369400715,0.39556403792110095
324749893,0.7818750529080682,0.1733616655350276,0.044763281556904046
54188225,0.7184378222189649,0.11218744977132447,0.16937472800971068
285438978,0.003765679640432715,0.017306441537385368,0.978927878822182
360251884,0.8151353799230068,0.17410141860983516,0.010763201467157977
2150379995,0.039022206138053635,0.17504886229196684,0.7859289315699794
1302941143,0.6241747666652236,0.269656881132273,0.10616835220250342
499062004,0.6749566898094357,0.22809346496466626,0.0969498452258981
111410735,0.6711827681388438,0.03459401971008463,0.29422321215107167
2297543123,0.6024110406290016,0.2234841963040773,0.17410476306692108
266029316,0.8177064653347804,0.12487244669906097,0.05742108796615874
20709524,0.22791355012423029,0.30607185652291435,0.4660145933528554
269501593,0.17597226534837193,0.03354971577489967,0.7904780188767284
254159053,0.004420717186344061,0.1384755639398263,0.8571037188738295
564868163,0.018487273565767338,0.32315399012538626,0.6583587363088463
78992365,0.19043505924410686,0.009275352535672127,0.800289588220221
276633123,0.35263060410999164,0.6044052098173497,0.042964186072658526
64182903,0.2165638543486149,0.3502957014007962,0.4331404442505889
2555896464,0.11991721493340204,0.2077599314701074,0.6723228535964906
39044495,0.5489062655200392,0.14651505101218804,0.3045786834677728
1272508693,0.46983241617750904,0.37541321965334407,0.15475436416914679
1353402434,0.08579562742282464,0.037448738410728544,0.8767556341664469
237900898,0.7524022024811224,0.016948603564741895,0.2306491939541356
109975001,0.46610689311479003,0.051879134838406116,0.48201397204680396
46585002,0.17230523767455003,0.6102198963842141,0.21747486594123575
756058968,0.21880654252666165,0.11391856808545053,0.6672748893878878
90358957,0.046270131376525,0.5696460893886076,0.3840837792348674
1649150204,0.25934564124764503,0.20830088839258787,0.5323534703597672
84618807,0.33904747901851295,0.1441638932849271,0.5167886276965598
109679156,0.8188108574100642,0.07965883567866101,0.10153030691127471
2585789472,0.25832291683216163,0.5878766672109756,0.15380041595686278
942642458,0.5307665795963392,0.2547285084509401,0.2145049119527208
272187760,0.5113941526114346,0.0952194814855517,0.39338636590301373
439543356,0.5454849451689909,0.07264567169040902,0.3818693831406002
515644027,0.4803105814426941,0.3860330155397903,0.1336564030175155
98536189,0.7617824764309417,0.11689652328126708,0.12132100028779125
19609851,0.7062837636976693,0.09608967697395804,0.19762655932837264
62804053,0.3059240186025565,0.2977447076268904,0.3963312737705531
23156054,0.1673081938825875,0.8279781231790527,0.004713682938359678
46632750,0.17927444212289248,0.504311774383806,0.3164137834933015
32660075,0.13399362402172707,0.3105016342482524,0.5555047417300206
1369317738,0.03960804543168777,0.00489317040844509,0.9554987841598671
329296822,0.008212619983143264,0.4516687297025504,0.5401186503143064
48096232,0.023382541937901992,0.8203028675960893,0.15631459046600885
435639313,0.18532114426821092,0.5203010990039199,0.29437775672786926
216228588,0.34228667825765474,0.1560782173650237,0.5016351043773216
1921305944,0.006218052084177776,0.8688005391972545,0.1249814087185677
627390397,0.527964058774682,0.28462167933484317,0.1874142618904749
1414584560,0.5568654995782538,0.00897143907830156,0.4341630613434446
2235417811,0.6351177244667529,0.014657497976453514,0.3502247775567936
3192130564,0.31086316141864406,0.5683219795907084,0.12081485899064759
59541355,0.27638294023641785,0.10703553118652641,0.6165815285770557
2645557780,0.1903861758204068,0.21941610499762454,0.5901977191819688
17199633,0.28303068684955757,0.5940011213036585,0.12296819184678394
334275480,0.49311602367214985,0.3159176174826671,0.19096635884518298
57181971,0.2546155666333905,0.5013347853238833,0.2440496480427263
179998543,0.1951699070037816,0.06246199737041853,0.7423680956257999
1256103930,0.3171291155129447,0.12156095404101509,0.5613099304460402
442299168,0.10776462359883934,0.4071682250481204,0.4850671513530404
49608090,0.392843516920868,0.10319768204567516,0.5039588010334569
26715359,0.3831765997780121,0.17430593095727134,0.44251746926471663
1971753667,0.38175395175680654,0.46030530774833633,0.15794074049485707
2980045433,0.13246176273515303,0.7107212257503253,0.15681701151452176
1265978737,0.6454671230969544,0.055153540405689476,0.29937933649735626
288370593,0.1723026636543115,0.09334952401751419,0.7343478123281744
71978310,0.3710872238061872,0.44677045589622816,0.18214232029758462
2903477074,0.3067250190033702,0.06926759405511831,0.6240073869415114
121598907,0.6030999880861044,0.24332383072882288,0.15357618118507263
189206943,0.4854278319817435,0.08399002531784969,0.43058214270040673
2617872665,0.4306761785932513,0.0846156352580261,0.4847081861487226
302497858,0.6953582953432411,0.01041859462749092,0.2942231100292678
310687636,0.43626833572850165,0.22073868480988532,0.34299297946161306
73714230,0.7811609585702427,0.009768738385673803,0.2090703030440835
486184926,0.20346705988046218,0.16269653655281066,0.6338364035667272
156500805,0.08222859014036019,0.7023210165962644,0.21545039326337545
491788464,0.4527940904406338,0.0826364392974732,0.464569470261893
100405808,0.013265183361787732,0.11155376489957165,0.8751810517386406
31985120,0.009641035336239386,0.3632747892326309,0.6270841754311296
321845193,0.13782124160583042,0.5666788352635486,0.2954999231306209
14865059,0.12395441049773744,0.4009173439677987,0.475128245534464
20353612,0.3182783624112884,0.45478541709910697,0.22693622048960455
27379867,0.41692634488174457,0.2669504822439371,0.3161231728743184
2318109981,0.3911288382718289,0.37415440611869893,0.2347167556094721
224264310,0.4603319410965667,0.3815881224927681,0.15807993641066528
34106409,0.03723381674292164,0.3706772884477112,0.5920888948093672
24291077,0.8961906736568438,0.05363635642554672,0.05017296991760943
2284536214,0.7036523500586424,0.21794729946414473,0.07840035047721289
37905631,0.1411509407185269,0.12271534598003492,0.7361337133014382
552233230,0.3497208934313799,0.43133506242867864,0.2189440441399416
1636705046,0.923186155317403,0.006566005669118454,0.07024783901347867
51970824,0.0507720001355873,0.3924188371183843,0.5568091627460284
2839593631,0.5673770277352321,0.05878859719715525,0.3738343750676127
16351906,0.015008336219168788,0.53112208086326,0.4538695829175711
604955708,0.05539194924464281,0.8807216663157562,0.06388638443960101
69186943,0.6731615570666153,0.054330808630204876,0.27250763430318
26797832,0.9473464329039977,0.01816909522582605,0.034484471870176156
312217057,0.27412154151483853,0.1972934259902381,0.5285850324949233
26381403,0.350683780102797,0.05152903980303188,0.5977871800941712
2277862909,0.03739237094407614,0.004645996287001418,0.9579616327689223
886919910,0.06857334081212424,0.6548682860916653,0.27655837309621045
249089350,0.25162465654150507,0.3441840067856396,0.40419133667285534
219120511,0.8703144900404644,0.054470929338046974,0.07521458062148863
998590219,0.1354198812800893,0.11804906500849087,0.7465310537114199
950407884,0.6768234931507732,0.27285484720308417,0.050321659646142596
519978993,0.43994287460571885,0.10889279732193265,0.4511643280723486
15694091,0.06905137511617428,0.5088707765297316,0.4220778483540942
52858344,0.0491796136613777,0.49162040991482653,0.45919997642379584
182260869,0.35692928482850206,0.2108276448741424,0.4322430702973555
1258260829,0.16833953944989813,0.6748598987886312,0.1568005617614708
238632935,0.5960483391985723,0.09244782460387013,0.3115038361975576
2520105960,0.04945811892008339,0.17954457086184045,0.7709973102180762
272913770,0.27265815611031224,0.695281393000471,0.03206045088921678
42542627,0.13596086026352763,0.83240426881245,0.03163487092402242
24057122,0.43023819290537707,0.0473677486140398,0.5223940584805831
1161269732,0.6431023652845307,0.03120187897608057,0.3256957557393887
245298851,0.5470061090307923,0.04405118659672967,0.4089427043724779
932792233,0.6139847708449216,0.322405911996276,0.06360931715880226
987998131,0.18540146043801753,0.5557838603660121,0.2588146791959704
322335490,0.2609602523007018,0.31963989755211447,0.4193998501471836
34259591,0.25444697109569286,0.3753237080727489,0.3702293208315583
90710649,0.8132965063373429,0.10617950573759669,0.08052398792506033
504810647,0.010096785358135284,0.554509781827259,0.4353934328146059
338520076,0.11392264353297579,0.8084061108760471,0.077671245590977
459479022,0.6107769421342095,0.20054312817067513,0.18867992969511546
547267776,0.8894458980109821,0.02323397808696764,0.0873201239020504
2965071545,0.5375699840975882,0.4306388829167127,0.03179113298569913
84881930,0.49167446957755073,0.3363164169344426,0.1720091134880067
449221534,0.1134252721320933,0.4395985298975631,0.44697619797034366
2300087177,0.48146991912379544,0.32814468297416166,0.1903853979020429
15750765,0.22289950351979299,0.662443296060991,0.11465720041921604
2341363147,0.12768222839846688,0.2677979846202086,0.6045197869813245
1163568919,0.11953701178727079,0.6354382617768732,0.2450247264358558
494045444,0.11196758025613966,0.7250773157191237,0.16295510402473665
2266353171,0.03718221944273524,0.12205063627288543,0.8407671442843792
3032157277,0.11094940454093881,0.7603677304228139,0.12868286503624726
247156230,0.23993998935121047,0.6016408294255305,0.15841918122325907
1894868797,0.75420386574371,0.1860627309989132,0.05973340325737671
430008403,0.11584244215785829,0.5988725287827468,0.285285029059395
49933814,0.054851981657038223,0.7326388723457976,0.21250914599716425
316074936,0.051492728351345,0.37037093583229785,0.5781363358163573
631155936,0.4491165732199089,0.23945303425480316,0.3114303925252879
1886062356,0.36127317846175716,0.20076429572111626,0.4379625258171265
505804621,0.1346302843946462,0.2652687223339112,0.6001009932714427
97959922,0.39192514377940313,0.3365706277356884,0.2715042284849085
22057861,0.37709170409458503,0.3871203874002826,0.23578790850513237
17295129,0.07814454635644959,0.32073124130839226,0.6011242123351581
44576099,0.110487111383666,0.15189197794758147,0.7376209106687525
371884166,0.23562417151895096,0.48651907243187825,0.27785675604917076
2872172938,0.016647203203509854,0.831126210553226,0.1522265862432641
18373826,0.3404253206330873,0.1839125306574191,0.4756621487094938
1143028165,0.8059137552700447,0.1791158647652963,0.014970379964659015
2198769436,0.23360282901246912,0.6352163686039772,0.13118080238355373
313038304,0.08530261939658886,0.2027713049908351,0.7119260756125759
2171902034,0.7371890417778271,0.1719207117614876,0.09089024646068536
170181248,0.07642560435745033,0.09958359941124215,0.8239907962313074
1141488523,0.09138671759679094,0.12199717647401977,0.7866161059291893
293802222,0.3948918196986324,0.5238871352942389,0.0812210450071288
127107534,0.47384200317162717,0.49327700920354856,0.03288098762482426
36913742,0.5678143405946681,0.22274268596314684,0.20944297344218515
249704681,0.20600387801231532,0.5824066046650075,0.21158951732267725
232554941,0.39481983265167925,0.27194228003274185,0.33323788731557885
159475992,0.05152061682729312,0.5725551530677887,0.37592423010491816
1400842256,0.08957402273046103,0.8656944908603939,0.044731486409145
17449507,0.7262528397991919,0.25918594042584037,0.014561219774967776
242509475,0.007473909413290377,0.00034340784741640734,0.9921826827392932
1183585674,0.4123759967947688,0.278716899422013,0.30890710378321823
549700254,0.4426717240050917,0.03925255436846843,0.5180757216264399
1273017757,0.2694716622222673,0.3749703436639748,0.35555799411375777
23750148,0.18873018038193629,0.5212747705384209,0.2899950490796428
1142687658,0.25821679592489244,0.21026049277457856,0.531522711300529
1438531189,0.3501256717896101,0.4451747365930583,0.20469959161733153
37326006,0.0752462567616562,0.1806318150686454,0.7441219281696984
20792012,0.0392115053572603,0.05373540249584765,0.9070530921468921
242924016,0.0009161073624823013,0.08708169086742536,0.9120022017700924
490587327,0.5609733619594773,0.06989555353164498,0.3691310845088777
271134399,0.14467387933371212,0.19335300219617782,0.66197311847011
294372833,0.21923213178591033,0.4487888946433697,0.33197897357072
223693774,0.3630359720935541,0.34629559914725744,0.2906684287591884
2890147866,0.14991331203398456,0.6043860839236884,0.24570060404232702
75930868,0.3308652391412088,0.42648237746640455,0.24265238339238676
200191317,0.13587090054387044,0.22695085416763097,0.6371782452884985
252569527,0.12487543772931096,0.6093084866831617,0.2658160755875274
2165820774,0.8568578568413749,0.14184720076896282,0.0012949423896622214
409387292,0.09490226504633577,0.3832669017077188,0.5218308332459455
353537370,0.36086619686489557,0.43146677685787355,0.20766702627723085
261026765,0.10397818099299035,0.1106289536160468,0.785392865390963
1369729327,0.6874334551231027,0.08717033658171883,0.22539620829517837
1861570472,0.777708870662817,0.05176078276584673,0.1705303465713362
2903179129,0.7128928432470918,0.04908516068171986,0.23802199607118818
1318402508,0.312524416974972,0.014188731946605328,0.6732868510784227
69254610,0.4516186276616047,0.5194759401374112,0.028905432200984054
184480129,0.4328867686363751,0.18678148590592603,0.3803317454576988
1889895427,0.8084547274729051,0.08148676766690931,0.11005850486018552
1628212747,0.2817021312938934,0.512757297195573,0.20554057151053373
347509724,0.9437476684216404,0.03769826311661708,0.018554068461742727
278594447,0.897712442012871,0.08078964677974304,0.02149791120738596
302739090,0.11332562127305446,0.5779016517149328,0.30877272701201286
17335247,0.1354594383143359,0.473020368698149,0.3915201929875151
821768850,0.10622593267728347,0.11068678380144938,0.7830872835212672
1679748360,0.03521787345367667,0.24701822638319387,0.7177639001631295
333611915,0.0007695256127305391,0.8906843117220473,0.10854616266522213
3044724579,0.05723962485782357,0.7041920057555642,0.23856836938661224
41156922,0.05105332569851828,0.7282819138856508,0.22066476041583105
3137916686,0.9050089589230252,0.06970967345151252,0.025281367625462167
419317519,0.23588410192155063,0.3424435090810017,0.42167238899744763
127158860,0.8179892907676788,0.10897216884387348,0.07303854038844772
707695681,0.3560672733788629,0.3984419196992985,0.24549080692183864
95668159,0.5650173221805574,0.28042340467701304,0.15455927314242932
2358922394,0.7130233535830889,0.09301729024042968,0.19395935617648127
1499259362,0.29816621869375015,0.1319029390664085,0.5699308422398414
74712135,0.45741702339329976,0.5321581518954343,0.010424824711265988
347591437,0.5382540687008587,0.4079678205871687,0.05377811071197257
928736695,0.038180120251138726,0.8270564689920027,0.13476341075685846
1131134844,0.27143783925050813,0.1720944536469367,0.5564677071025551
2310465956,0.2940989395452075,0.24983113427406103,0.45606992618073144
2876122455,0.22292241777952176,0.7529941645780864,0.024083417642391792
38965507,0.4251483086172551,0.27498576921672974,0.2998659221660152
570652538,0.6592367362110068,0.2556483536348922,0.0851149101541011
124612391,0.5572331778131572,0.4058121461337176,0.03695467605312521
451036903,0.18184389358600225,0.782027273014116,0.036128833399881904
1880393774,0.014581153688564514,0.6670731539585412,0.31834569235289434
